Ompy                   Up                       Fp_x (N)                 Fp_y (N)                 Fp_z (N)                 Tp_x (N*m)               Tp_y (N*m)               Tp_z (N*m)
-2                       0                        0.08238468353665745      1.7394532779786263       -11.457626830673815      0.03049974381430183      -0.7638814130669133      0.10912347973092622
-2                       0.10526315789473684      0.07791171134992542      1.6133663601382857       -10.671755297537327      0.02872768077638043      -0.7603413697765466      0.10520776026814857
-2                       0.21052631578947367      0.07280810414405149      1.487280321966204        -9.885820449388827       0.026929320608598373     -0.7568009189384072      0.10129502086113173
-2                       0.3157894736842105       0.06708129930366678      1.3611550905828318       -9.099762119213795       0.025104079355802666     -0.753256800702043       0.09738577184424194
-2                       0.42105263157894735      0.06072609934279881      1.2350226653969911       -8.31358882182658        0.02325272638053874      -0.749710327009359       0.09348148018767131
-2                       0.5263157894736842       0.05374282135056596      1.108901330148           -7.52730192556721        0.021375223530137134     -0.746163955751982       0.08958136520316655
-2                       0.631578947368421        0.0461314431600296       0.9828000247925007       -6.740903353561525       0.019471599144474536     -0.7426180324526704      0.0856841831979032
-2                       0.7368421052631579       0.037892583082145485     0.8567230264831356       -5.954389152610391       0.017541885528087928     -0.7390722975196022      0.08178949908454981
-2                       0.8421052631578947       0.029026393213918457     0.7306731593491241       -5.167753301564359       0.01558613642673817      -0.7355263707042041      0.07789707576815101
-2                       0.9473684210526315       0.01953327041503678      0.6046526585368983       -4.3809884170518165      0.01360438152757484      -0.7319798322825708      0.0740068360625882
-2                       1.0526315789473684       0.009413579677214446     0.4786635238754956       -3.5940867060828134      0.011596645083280139     -0.7284322601164861      0.0701187872034312
-2                       1.1578947368421053       -0.0013286269296923694   0.35269892019745275      -2.807038914925073       0.009562510942761452     -0.7248831049605734      0.06623340087563685
-2                       1.263157894736842        -0.012701037663713945    0.22678048861103678      -2.0198404656899878      0.007502992449137529     -0.7213323809038358      0.06234981632504424
-2                       1.3684210526315788       -0.02469916730152278     0.10089858055722532      -1.2324790318051742      0.005417587225062337     -0.7177793722742679      0.05846847605539528
-2                       1.4736842105263157       -0.03732267973671227     -0.02494518778535205     -0.44494585227530264     0.0033063176217277396    -0.7142236254861132      0.054589408176560085
-2                       1.5789473684210527       -0.0505713410142839      -0.15074919952149352     0.34276771700045255      0.0011691724471947708    -0.7106645952693595      0.050712618359326715
-2                       1.6842105263157894       -0.0644442491527724      -0.27651227970433756     1.1306682780772872       -9.93879415351149E-4     -0.7071017363375659      0.04683831260543792
-2                       1.789473684210526        -0.0789413159391258      -0.40223202923557333     1.9187661676773577       -0.0031827374802310153   -0.703535261759091       0.0429666785318006
-2                       1.894736842105263        -0.0940614970702879      -0.5279078593009843      2.7070757037889597       -0.005397351424286409    -0.6999650539796481      0.039097830264920176
-2                       2                        -0.10980453275809998     -0.6535358079215494      3.4956012052064898       -0.007637634733338946    -0.6963901831429676      0.03523176794792558
-1.7894736842105263      0                        0.0862647668157694       1.7467958639121333       -11.450517551053148      0.0303551555923393       -0.7182119615651381      0.09612369397297138
-1.7894736842105263      0.10526315789473684      0.08170630769150543      1.6207088975196318       -10.664645964317748      0.02859052330423035      -0.7146708288056748      0.09220663565748338
-1.7894736842105263      0.21052631578947367      0.0765179969633437       1.4946128024587442       -9.878699977609108       0.026799785530695737     -0.7111278491057395      0.0882930521475288
-1.7894736842105263      0.3157894736842105       0.0707041359659573       1.368476578380235        -9.092627286382092       0.024982328614828936     -0.7075807776429424      0.08438329845502023
-1.7894736842105263      0.42105263157894735      0.06426260397904378      1.2423379793343952       -8.306438269455237       0.023138670623892844     -0.7040321607429285      0.08047871835724647
-1.7894736842105263      0.5263157894736842       0.057192356277376205     1.1162141665447358       -7.520140225854349       0.0212688804808223       -0.7004838968586039      0.0765776094537473
-1.7894736842105263      0.631578947368421        0.049494413449502915     0.9901118775306799       -6.733732836322685       0.01937295558790362      -0.696935948436338       0.07267909785102877
-1.7894736842105263      0.7368421052631579       0.04116882382608923      0.8640346030785788       -5.947211210162849       0.017450948509898173     -0.6933879833103349      0.06878278979140909
-1.7894736842105263      0.8421052631578947       0.03221592041531364      0.7379848966635281       -5.160568926510687       0.015502907025968259     -0.6898395906688783      0.06488855553726369
-1.7894736842105263      0.9473684210526315       0.022636104638178292     0.6119648392131009       -4.373798220771796       0.013528855990407554     -0.6862903445119368      0.06099636410862563
-1.7894736842105263      1.0526315789473684       0.012429718692727288     0.4859763263942374       -3.5868910049318568      0.0115288190847796       -0.6827398202175213      0.057106231777065
-1.7894736842105263      1.1578947368421053       0.001600783087376923     0.36001234495040046      -2.799837407234608       0.009502382892187697     -0.6791874282152226      0.05321860470522163
-1.7894736842105263      1.263157894736842        -0.009858319267619247    0.23409479029730199      -2.012633849608335       0.007450561211079321     -0.6756332391135385      0.049332705256927165
-1.7894736842105263      1.3684210526315788       -0.021943137553861354    0.10821377069815617      -1.2252674031817592      0.005372854664481925     -0.6720765184682638      0.045448953370473756
-1.7894736842105263      1.4736842105263157       -0.03465338246153899     -0.017629037350323437    -0.43772918826571355     0.0032692898861890734    -0.6685168128907065      0.04156737139340809
-1.7894736842105263      1.5789473684210527       -0.047988821573188775    -0.14343206282171356     0.34998940125725264      0.0011398498758743948    -0.6649535933710611      0.037687980972514065
-1.7894736842105263      1.6842105263157894       -0.061948470054369056    -0.2691940461024996      1.1378949968308176       -0.001015488633362484    -0.6613862894395599      0.03381097961975771
-1.7894736842105263      1.789473684210526        -0.07653228999722186     -0.39491279367494675     1.9259981958032955       -0.0031966295978911622   -0.6578151184384144      0.029936545159647745
-1.7894736842105263      1.894736842105263        -0.09173919249519374     -0.5205876011035294      2.714313256878995        -0.00540351793365662     -0.6542399537438968      0.026064811142039228
-1.7894736842105263      2                        -0.1075691274905194      -0.646214263404373       3.5028441594874247       -0.007636065449597931    -0.6506597790668782      0.02219572799107762
-1.5789473684210527      0                        0.09016789372461578      1.7541437766762775       -11.44341523845333       0.030211241595275568     -0.6725424504499279      0.08312347863582462
-1.5789473684210527      0.10526315789473684      0.08552326225797491      1.6280524387218855       -10.657536545785343      0.028454274695197762     -0.6689997276566978      0.07920545394951672
-1.5789473684210527      0.21052631578947367      0.08025184588983664      1.5019264927584093       -9.871559188835082       0.026670768446431632     -0.6654535281902507      0.0752908037493055
-1.5789473684210527      0.3157894736842105       0.07434898605763259      1.3757969367086083       -9.08548840857855        0.024861475879655672     -0.6619041380759371      0.07138121607564252
-1.5789473684210527      0.42105263157894735      0.06782049605842112      1.2496538719204722       -8.299285076571445       0.023025544843256432     -0.6583536832550356      0.06747612761712425
-1.5789473684210527      0.5263157894736842       0.06066366412714206      1.1235284259019802       -7.512976697350676       0.02116343975847649      -0.6548036106150051      0.06357391631580818
-1.5789473684210527      0.631578947368421        0.05287899332304402      0.9974256384733113       -6.726561126811677       0.01927522297232937      -0.6512536783583531      0.05967395813269891
-1.5789473684210527      0.7368421052631579       0.04446670553877665      0.8713484816308935       -5.940032832077471       0.017360926196324244     -0.6477034942975243      0.05577597445166162
-1.5789473684210527      0.8421052631578947       0.03542714738608226      0.7452992359606783       -5.153384597076156       0.015420585480893197     -0.6441526423056526      0.05187989829116645
-1.5789473684210527      0.9473684210526315       0.025760633275646726     0.6192798581663854       -4.366608359024474       0.013454229948697197     -0.6406006976437039      0.04798571837106623
-1.5789473684210527      1.0526315789473684       0.015467570479734322     0.4932921888455125       -3.5796959778284747      0.011461888779400324     -0.6370472257468895      0.04409347756073942
-1.5789473684210527      1.1578947368421053       0.0045519069010334055    0.36732907470575105      -2.792636937104776       0.009443153317844344     -0.6334916055198515      0.04020359440413464
-1.5789473684210527      1.263157894736842        -0.0069938560488753045   0.24141253567382454      -2.00542855712758        0.007399025537551332     -0.6299339556092975      0.036315368552533235
-1.5789473684210527      1.3684210526315788       -0.019165384676447565    0.11553259765405195      -1.2180573165605544      0.0053290171381185835    -0.6263735237744983      0.032429188106361764
-1.5789473684210527      1.4736842105263157       -0.03196238012355806     -0.010309064191049794    -0.43051426632558687     0.0032331588233948183    -0.6228098611900713      0.028545080322481164
-1.5789473684210527      1.5789473684210527       -0.04538460620958324     -0.13611095203855308     0.35720915774680445      0.0011114240970580918    -0.6192424546496991      0.0246630804229371
-1.5789473684210527      1.6842105263157894       -0.05943100487486852     -0.2618716757463944      1.1451196244398123       -0.0010361995363202645   -0.6156707156798422      0.020783377643571365
-1.5789473684210527      1.789473684210526        -0.07410159093051735     -0.38758928449263985     1.9332280307923377       -0.003209622901237185    -0.612094859257481       0.016906135082773138
-1.5789473684210527      1.894736842105263        -0.08939520525507778     -0.5132628895117848      2.721548440496451        -0.005408784290604979    -0.6085147100305767      0.013031503413052712
-1.5789473684210527      2                        -0.1053120434050948      -0.6388881054456816      3.510084632094552        -0.007633594950312177    -0.6049292190096891      0.009159390177502644
-1.368421052631579       0                        0.09409301194361523      1.761493321882444        -11.436314327985729      0.03006821966780583      -0.6268725639996198      0.07012302756402114
-1.368421052631579       0.10526315789473684      0.08936299200531192      1.63539544481327         -10.650426981121344      0.02831892933005931      -0.6233279013714224      0.06620417495419757
-1.368421052631579       0.21052631578947367      0.08400451856773249      1.5092557679759027       -9.864436047628535       0.026543153950271865     -0.6197787934365231      0.0622888561423241
-1.368421052631579       0.3157894736842105       0.0780154776918358       1.3831166460216788       -9.078345263621522       0.024741552056565093     -0.6162270445250304      0.058379509233406755
-1.368421052631579       0.42105263157894735      0.07140010642841013      1.2569706431271825       -8.292129277321486       0.022913323289300187     -0.6126749359686979      0.054473678120043875
-1.368421052631579       0.5263157894736842       0.06415664512099331      1.1308442445748534       -7.5058113284368515      0.02105891278630789      -0.6091231161264169      0.05057024669905112
-1.368421052631579       0.631578947368421        0.0562852378130169       1.0047414219160358       -6.719388413779255       0.019178402551905244     -0.6055712191256176      0.04666874659691688
-1.368421052631579       0.7368421052631579       0.04778625655813113      0.8786647131933899       -5.932853914525169       0.017271806537015988     -0.6020188319141013      0.04276903085384862
-1.368421052631579       0.8421052631578947       0.03866003351793343      0.7526162070813999       -5.146200168709238       0.015339161462554301     -0.5984655323580347      0.0388710732628408
-1.368421052631579       0.9473684210526315       0.0289069019412436       0.6265977707569136       -4.359418944026199       0.013380498188852659     -0.5949108890954766      0.03497488889145674
-1.368421052631579       1.0526315789473684       0.01852715472915408      0.5006111589576738       -3.572501735072095       0.011395851133005208     -0.5913544742492323      0.031080514420292058
-1.368421052631579       1.1578947368421053       0.007524759232509576     0.37464913916621234      -2.7854375546867463      0.009384817916827206     -0.5877956345794837      0.027188356148089787
-1.368421052631579       1.263157894736842        -0.004107659223708489    0.24873374568812856      -1.998224610407903       0.007348384651271744     -0.5842345251596338      0.023297792621229566
-1.368421052631579       1.3684210526315788       -0.01636593212138001     0.12285513774732226      -1.21084880162246        0.005286077861240751     -0.5806703840711183      0.01940916752977791
-1.368421052631579       1.4736842105263157       -0.02924967473135668     -0.002985244855844168    -0.42330111307385704     0.0031979238841400564    -0.5771027657468604      0.015522525108491003
-1.368421052631579       1.5789473684210527       -0.042758694346083106    -0.12878584387914033     0.36442697170287053      0.0010838952994379355    -0.5735311742078955      0.011637907389462361
-1.368421052631579       1.6842105263157894       -0.05689185662133471     -0.2545451518435019      1.152342152605386        -0.0010560112757533532   -0.5699550062846573      0.007755498500518243
-1.368421052631579       1.789473684210526        -0.07164921246888668     -0.3802614761026471      1.9404556318357347       -0.0032217176347205806   -0.5663744651028515      0.0038754394672518263
-1.368421052631579       1.894736842105263        -0.08702954742667884     -0.5059337074885303      2.7287813047748544       -0.005413149465890488    -0.5627893218424893      -2.1011766747799617E-6
-1.368421052631579       2                        -0.10303329841050193     -0.6315573022150557      3.517322630425431        -0.007630222292953905    -0.5591985105452357      -0.003877253429961239
-1.1578947368421053      0                        0.09804013928708981      1.7688442120327017       -11.429213550797913      0.029926087059101734     -0.5812021966167675      0.05712249887842973
-1.1578947368421053      0.10526315789473684      0.09322392235538192      1.6427371971588651       -10.643317339314715      0.028184553860623435     -0.5776553305119861      0.05320276018407337
-1.1578947368421053      0.21052631578947367      0.08777926445696821      1.5165821708219032       -9.857307083497151       0.026416442454054244     -0.5741031104822041      0.04928746407497793
-1.1578947368421053      0.3157894736842105       0.08170617755487519      1.390418874431031        -9.071179606867469       0.024622094616372388     -0.5705491121275311      0.04537786637352592
-1.1578947368421053      0.42105263157894735      0.07500145251533119      1.2642884437871427       -8.28497043004219        0.02280199954097937      -0.566995959315903       0.04147133804850846
-1.1578947368421053      0.5263157894736842       0.06767129112153869      1.1381617517690017       -7.498644261360541       0.02095530071523936      -0.5634424173460043      0.037566556812671126
-1.1578947368421053      0.631578947368421        0.05971316124009801      1.012059300011628        -6.712214629515871       0.019082484151474843     -0.5598885759419762      0.0336634375054549
-1.1578947368421053      0.7368421052631579       0.051127523792381425     0.8859833660912817       -5.92567451962586        0.01718358037599479      -0.55633399596537        0.029761945934725764
-1.1578947368421053      0.8421052631578947       0.041914651321511676     0.7599358630203953       -5.1390157131951035      0.015258623909755869     -0.5527782564661107      0.025862066097296875
-1.1578947368421053      0.9473684210526315       0.032074864854840485     0.6339186078406849       -4.352229962100584       0.013307656936542048     -0.5492209221583709      0.02196384848208322
-1.1578947368421053      1.0526315789473684       0.021612259051258766     0.5079219715204205       -3.56530287972611        0.011330214001681636     -0.545661224456408       0.01806758816040823
-1.1578947368421053      1.1578947368421053       0.010519316106725268     0.38197261359810863      -2.7782393068777145      0.009327377680616842     -0.5420995126210504      0.014172874588023097
-1.1578947368421053      1.263157894736842        -0.0011997732822010704   0.2560585495306096       -1.9910220338887705      0.007298641888429907     -0.5385349444831281      0.010279959801568934
-1.1578947368421053      1.3684210526315788       -0.013544734251765698    0.1301813150350348       -1.203641902112004       0.005244033488868118     -0.5349670970214497      0.006388888751473233
-1.1578947368421053      1.4736842105263157       -0.026515264140932426    0.004342427821251712     -0.4160897634558915      0.003163585779144336     -0.5313955246886775      0.0024996996900761713
-1.1578947368421053      1.5789473684210527       -0.040111101295974554    -0.12145671051214312     0.37164283359459505      0.0010572648142111738    -0.5278197464164114      -0.0013875478699744903
-1.1578947368421053      1.6842105263157894       -0.05433103187167159     -0.24721444854590488     1.1595625622698706       -0.0010749236181764846   -0.5242391544346888      -0.0052726667486672416
-1.1578947368421053      1.789473684210526        -0.06917516374508384     -0.3729293564655232      1.947681021471813        -0.003232912965780329    -0.5206539298236758      -0.009155549097725525
-1.1578947368421053      1.894736842105263        -0.08464222976666239     -0.4986000238603792      2.736011883001944        -0.005416613618203831    -0.5170637770545838      -0.013036012656712122
-1.1578947368421053      2                        -0.10073288777072033     -0.624221857642906       3.52455817338712         -0.007625949116257772    -0.5134676388417059      -0.016914212064906717
-0.9473684210526316      0                        0.10200909325205264      1.7761970383687895       -11.422113718134044      0.02978490194091166      -0.5355312039799783      0.04412190300082374
-0.9473684210526316      0.10526315789473684      0.09710654979210107      1.6500758087030358       -10.636206427415695      0.02805104455923195      -0.5319818297367326      0.040201206072434506
-0.9473684210526316      0.21052631578947367      0.09157558146636326      1.5239062819881066       -9.850171777717739       0.026290676838062986     -0.5284268152529915      0.0362866506984466
-0.9473684210526316      0.3157894736842105       0.08541573999775393      1.3977391764595253       -9.064028281034986       0.024503990611364313     -0.524871425333834       0.032376673446840615
-0.9473684210526316      0.42105263157894735      0.07862448629262785      1.2716074704950424       -8.27780878599777        0.02269158621027531      -0.5213167610042138      0.028469051908012605
-0.9473684210526316      0.5263157894736842       0.07120759487925597      1.1454810136871572       -7.49147525963067        0.02085258178269476      -0.5177615283202235      0.02456279580719132
-0.9473684210526316      0.631578947368421        0.06316285127438825      1.0193793548408747       -6.705039878524195       0.018987454575499517     -0.5142057457442444      0.020658018423266374
-0.9473684210526316      0.7368421052631579       0.054490534604591176     0.8933044978473528       -5.918494709661488       0.017096236741140646     -0.5106489875881911      0.016754693009004153
-0.9473684210526316      0.8421052631578947       0.04519100817371301      0.7672582694123049       -5.13183140806505        0.015178972612794514     -0.5070908140814396      0.012852860518192162
-0.9473684210526316      0.9473684210526315       0.035264545849813624     0.6412424077900143       -4.345041394495428       0.0132356999533815       -0.5035307932769053      0.008952576155663373
-0.9473684210526316      1.0526315789473684       0.024715193907142125     0.5152473705772737       -3.5581098578628354      0.011265969807465987     -0.49996815146440277     0.005054118697321977
-0.9473684210526316      1.1578947368421053       0.013535576359494523     0.38929949725977153      -2.7710422176453524      0.009270833341618026     -0.4964032361177396      0.001157139338617277
-0.9473684210526316      1.263157894736842        0.0017297823653802042    0.2633870237842151       -1.9838208641758874      0.007249799286796732     -0.49283521190217494     -0.002738141781265214
-0.9473684210526316      1.3684210526315788       -0.010701896871166131    0.13751134573327034      -1.1964365840883686      0.005202891493818599     -0.4892636554822469      -0.006631672463292888
-0.9473684210526316      1.4736842105263157       -0.023759188440451273    0.011674009890153303     -0.4088802162160438      0.0031301479620780724    -0.48568813069289707     -0.010523408282944655
-0.9473684210526316      1.5789473684210527       -0.037441849680748304    -0.11412352120068676     0.37885674910597333      0.001031534071565986     -0.4821081646332722      -0.01441329560534652
-0.9473684210526316      1.6842105263157894       -0.0517485310847233      -0.23987956219398943     1.1667808711923324       -0.0010929361479799348   -0.4785231570019367      -0.01830112539479204
-0.9473684210526316      1.789473684210526        -0.06667944400204631     -0.3655929171678831      1.9549042315059209       -0.0032432080390752986   -0.47493324845184864     -0.02218683809674851
-0.9473684210526316      1.894736842105263        -0.08223327323255744     -0.4912618238008501      2.743240182208331        -0.005419176923269247    -0.4713380613677363      -0.02607024516149625
-0.9473684210526316      2                        -0.09841084960550116     -0.6168817825184814      3.5317912757192214       -0.007620777951396124    -0.4677365903240325      -0.029951500242191634
-0.736842105263158       0                        0.1059996793151721       1.7835514179903889       -11.415015725760142      0.029644729820298834     -0.489859583842999       0.031121114071543356
-0.736842105263158       0.10526315789473684      0.10101094677301975      1.6574100539535115       -10.629091114153065      0.027918530952458956     -0.4863070542376109      0.027200021476355814
-0.736842105263158       0.21052631578947367      0.0953934437207466       1.5312292075731888       -9.843029818748063       0.02616580444489274      -0.482750126919297       0.0232863464575454
-0.736842105263158       0.3157894736842105       0.08914697823154834      1.405059994457098        -9.056872431907216       0.024386794882465066     -0.47919349737382533     0.01937566641615249
-0.736842105263158       0.42105263157894735      0.08227191188590141      1.2789109945209631       -8.270626678317244       0.022581596680121014     -0.47563693030918863     0.01546655916596735
-0.736842105263158       0.5263157894736842       0.07476564010721279      1.1528021364382859       -7.48430444014556        0.020750739666196415     -0.4720804503053597      0.01155894300303406
-0.736842105263158       0.631578947368421        0.06663428445371211      1.0267016334592158       -6.697864080733884       0.01889329474859116      -0.4685227401166238      0.007652435575965229
-0.736842105263158       0.7368421052631579       0.057875333446050906     0.9006281797903262       -5.911314669747122       0.017009772004542394     -0.464963802499428       0.0037472522246038784
-0.736842105263158       0.8421052631578947       0.048489130328192194     0.774583488290022        -5.124647396281717       0.015100207164954997     -0.4614032006507472      -1.5655841271262991E-4
-0.736842105263158       0.9473684210526315       0.03847596590117635      0.6485692404931892       -4.3378534641258994      0.013164633553906728     -0.4578404990216441      -0.004058931591222976
-0.736842105263158       1.0526315789473684       0.027839845627502618     0.5225760431615737       -3.550917760344705       0.011202618079309452     -0.45427492124595076     -0.00795960573625066
-0.736842105263158       1.1578947368421053       0.016573516827344772     0.39662986800017824      -2.7638462921488163      0.009215186183118946     -0.450706804626164       -0.011858864739950282
-0.736842105263158       1.263157894736842        0.0046810237706969154    0.2707190920753505       -1.9766210767807486      0.007201853800078511     -0.4471353239249224      -0.015756519082749214
-0.736842105263158       1.3684210526315788       -0.007837401533493328    0.14484519744023075      -1.1892328854732754      0.005162651799615837     -0.4435600582955582      -0.01965251828699952
-0.736842105263158       1.4736842105263157       -0.020981473300492878    0.01900957449830931      -0.4016724591617797      0.0030976113043708012    -0.4399805781674833      -0.023546812609669072
-0.736842105263158       1.5789473684210527       -0.0347509295714683      -0.10678625945554296     0.38606868053460924      0.001006703455752692     -0.4363964251528217      -0.027439342030902245
-0.736842105263158       1.6842105263157894       -0.049144360299922044    -0.2325404504114826      1.1739971001927567       -0.0011100427192369715   -0.43280699254821015     -0.03132989046850164
-0.736842105263158       1.789473684210526        -0.06416204384461738     -0.35825215021054746     1.9621252669766933       -0.003252604431251278    -0.42921239990907156     -0.035218441307770715
-0.736842105263158       1.894736842105263        -0.07980268545952472     -0.4839191106707052      2.7504662398738438       -0.005420838285990118    -0.42561216561080506     -0.0391048097455028
-0.736842105263158       2                        -0.0960671876325248      -0.6095370536096604      3.539022025050677        -0.0076147077328642485   -0.42200538209115124     -0.042989125438752496
-0.5263157894736843      0                        0.11001231736631319      1.7909065642448374       -11.407921150587015      0.029505511456619397     -0.4441873277711036      0.018119851719237325
-0.5263157894736843      0.10526315789473684      0.10493738682847673      1.6647384837616825       -10.621964612875773      0.02778690154283972      -0.44063122963854046     0.014199952559976903
-0.5263157894736843      0.21052631578947367      0.09923304012678016      1.5385518467212849       -9.83588062844141        0.02604181187384023      -0.4370731785329712      0.010286487870832356
-0.5263157894736843      0.3157894736842105       0.09289984727305133      1.4123818067743212       -9.04971228129267        0.0242704807369526       -0.4335153592538564      0.006374740058981801
-0.5263157894736843      0.42105263157894735      0.08593817881621557      1.2862334144652814       -8.263459575338473       0.022472949957167053     -0.4299573722780316      0.0024641925636978684
-0.5263157894736843      0.5263157894736842       0.0783483440478946       1.1601089949553158       -7.477115820615443       0.02064927760045202      -0.42639877803658505     -0.0014452102192335596
-0.5263157894736843      0.631578947368421        0.0701274389342084       1.0340262342343187       -6.690687444753278       0.018800009087882714     -0.4228395633170417      -0.005353341836408134
-0.5263157894736843      0.7368421052631579       0.06128186237343978      0.9079544587946602       -5.904134290871172       0.01692418348807413      -0.4192784494641614      -0.009260417542300071
-0.5263157894736843      0.8421052631578947       0.05180898539974528      0.7819115570524354       -5.1174635646943765      0.015022325961501446     -0.4157154191842329      -0.013166220437530582
-0.5263157894736843      0.9473684210526315       0.041712749581743605     0.6558864950094317       -4.330657192196101       0.013093964816855489     -0.41214965271593246     -0.017070590746149583
-0.5263157894736843      1.0526315789473684       0.030986172446678558     0.5299081299935726       -3.54372666974253        0.011140166165366368     -0.4085815318390396      -0.020973596017332168
-0.5263157894736843      1.1578947368421053       0.01963313935569446      0.40396375025717374      -2.7566515688025155      0.009160438568957973     -0.4050102150264394      -0.02487514482031679
-0.5263157894736843      1.263157894736842        0.007653931203318114     0.278054830927554        -1.9694226959329948      0.0071548091581576795    -0.40143527870989165     -0.028775181583934033
-0.5263157894736843      1.3684210526315788       -0.0049512520430342166   0.1521828749386485       -1.1820307958368996      0.005123313112480113     -0.3978563030213269      -0.03267365734244114
-0.5263157894736843      1.4736842105263157       -0.018182087711661105    0.026349079999677463     -0.39446652988183983     0.003065975047262456     -0.39427286569949466     -0.036570514575651594
-0.5263157894736843      1.5789473684210527       -0.032038367943563545    -0.09944489323762823     0.39327862950907594      9.82774692098546E-4      -0.39068452024751077     -0.04046569637704193
-0.5263157894736843      1.6842105263157894       -0.046518539450546265    -0.22519713723455412     1.1812111887880412       -0.001126256642929254    -0.38709068023215365     -0.04435896140503186
-0.5263157894736843      1.789473684210526        -0.06162300740865927     -0.35090704947185214     1.9693442505464596       -0.0032610987175313725   -0.3834913939816537      -0.0482503634998912
-0.5263157894736843      1.894736842105263        -0.07735046205929957     -0.47657185046487227     2.7576900508988738       -0.005421597293979254    -0.379886079348378       -0.05213971406817182
-0.5263157894736843      2                        -0.09370189424212848     -0.6021876478678575      3.5462502669271543       -0.007607742265149104    -0.37627399085453933     -0.0560270907465112
-0.3157894736842106      0                        0.11404683487132874      1.7982579657041078       -11.400828634896552      0.02936723573410967      -0.3985139956067784      0.005118223644719557
-0.3157894736842106      0.10526315789473684      0.10888551408903427      1.6720630085168553       -10.614823858863144      0.027656112976108562     -0.39495496611905684     0.0012010035725244976
-0.3157894736842106      0.21052631578947367      0.10309435068611801      1.5458739818480116       -9.828723758137379       0.025918676164737135     -0.3913959837089083      -0.002713116282785464
-0.3157894736842106      0.3157894736842105       0.09667454463646784      1.4197045898301508       -9.042547757880863       0.024154997946895015     -0.3878370167419051      -0.00662618825673607
-0.3157894736842106      0.42105263157894735      0.08962628948246416      1.2935574824390346       -8.256290007613929       0.022365147953451535     -0.38427762373725943     -0.010538298619047842
-0.3157894736842106      0.5263157894736842       0.08194979893267035      1.1674347646615542       -7.469942295665741       0.02054917561267298      -0.3807173732178745      -0.014449407542013048
-0.3157894736842106      0.631578947368421        0.07364540185374668      1.0413379640122937       -6.683495560117778       0.018707110413123385     -0.37715581995357206     -0.01835945631443485
-0.3157894736842106      0.7368421052631579       0.06471334399150612      0.9152688269814498       -5.89694074249747        0.016838986127547535     -0.373592535690336       -0.022268388769145303
-0.3157894736842106      0.8421052631578947       0.055153929547809365     0.7892290033349582       -5.110268767252742       0.014944841882827754     -0.3700270872492814      -0.026176140194608635
-0.3157894736842106      0.9473684210526315       0.04496743906420774      0.6632200737788122       -4.323470422447362       0.013024705534409136     -0.36645904677170144     -0.030082653988702916
-0.3157894736842106      1.0526315789473684       0.03415419260826666      0.5372435758107221       -3.536536553057485       0.011078613098777154     -0.36288797988447485     -0.03398786255037392
-0.3157894736842106      1.1578947368421053       0.022714417364948565     0.41130122905610295      -2.749458090536097       0.009106594179933288     -0.35931346507813405     -0.03789171065683036
-0.3157894736842106      1.263157894736842        0.010648466701476247     0.2853943284173654       -1.9622257530861038      0.007108670085733695     -0.3557350739895408      -0.04179413881234346
-0.3157894736842106      1.3684210526315788       -0.002043453899138726    0.15952440879039687      -1.1748303311858375      0.005084875703408672     -0.3521523881061475      -0.045695097061335115
-0.3157894736842106      1.4736842105263157       -0.015361094614488438    0.03369264179911303      -0.3872624072173568      0.0030352426799291274    -0.3485649890262508      -0.04959452849201261
-0.3157894736842106      1.5789473684210527       -0.029304201536101818    -0.09209933426301051     0.40048660281553694      9.597601835633842E-4     -0.3449724386827592      -0.05349236371036717
-0.3157894736842106      1.6842105263157894       -0.04387108834456781     -0.2178495763177598      1.1884231773515568       -0.0011415688673288447   -0.3413741936454357      -0.05738835400945931
-0.3157894736842106      1.789473684210526        -0.05906233613142532     -0.34355755909466135     1.9765611595721067       -0.003268691445760172    -0.33777018988046953     -0.06128262647607818
-0.3157894736842106      1.894736842105263        -0.07487662260592425     -0.4692200242352615      2.764911495685576        -0.005421458021135929    -0.33415978812493563     -0.06517496917552697
-0.3157894736842106      2                        -0.09131498166900287     -0.5948335881077758      3.5534759899125237       -0.007599883472369934    -0.33054241817422764     -0.06906540459147925
-0.10526315789473695     0                        0.11810402745005308      1.8055922507666025       -11.393711517254777      0.0292296481026942       -0.35283852262645815     -0.007881091980003044
-0.10526315789473695     0.10526315789473684      0.11285527797327759      1.6793849767679785       -10.607668636591443      0.02752612238422911      -0.34927843803768244     -0.011797287570935285
-0.10526315789473695     0.21052631578947367      0.10697752416162103      1.5531960686603523       -9.821559405107568       0.025796344132242306     -0.3457185695265299      -0.01571263925464976
-0.10526315789473695     0.3157894736842105       0.10047110054718604      1.427028237705305        -9.035378836737918       0.024040359065640875     -0.34215846773337133     -0.01962722008405719
-0.10526315789473695     0.42105263157894735      0.09333618534696365      1.3008831747387863       -8.249117842772844       0.02225821384382578      -0.3385976868859087      -0.02354097176068074
-0.10526315789473695     0.5263157894736842       0.0855730593666747       1.1747625419441023       -7.462767267496954       0.020449950571464127     -0.335035783960566       -0.027453822608988952
-0.10526315789473695     0.631578947368421        0.0771819525881276       1.0486680442996124       -6.676317883670155       0.018615600777746585     -0.33147232473354377     -0.03136571272808438
-0.10526315789473695     0.7368421052631579       0.06816322188140214      0.92260106053346         -5.889760317586235       0.016755190355384333     -0.32790686983736106     -0.035276578639316394
-0.10526315789473695     0.8421052631578947       0.058517099062751154     0.7965633708025633       -5.103085475631997       0.014868758860396377     -0.32433899542933886     -0.03918636023194395
-0.10526315789473695     0.9473684210526315       0.04824387056925968      0.6705567006056744       -4.3162842828156744      0.012956339202742586     -0.32076827126784807     -0.04309499427877996
-0.10526315789473695     1.0526315789473684       0.037343862272691535     0.5445824917312574       -3.529347452554885       0.011017961662788435     -0.31719426583452004     -0.04700241874402424
-0.10526315789473695     1.1578947368421053       0.02581735711043508      0.41864228471238224      -2.7422658489961123      0.009053650515961067     -0.3136165524229926      -0.05090857214751464
-0.10526315789473695     1.263157894736842        0.013664639926439313     0.29273758658484256      -1.9550302838000047      0.0070634353393151245    -0.3100347068114715      -0.05481339716304411
-0.10526315789473695     1.3684210526315788       8.859320722906664E-4     0.16686987593358962      -1.167631521412015       0.005047345896567778     -0.306448310313993       -0.05871684508346609
-0.10526315789473695     1.4736842105263157       -0.012518510858079182    0.04104027605185125      -0.3800601203504675      0.0030054158595542264    -0.3028569475607079      -0.06261885767362649
-0.10526315789473695     1.5789473684210527       -0.026548416095022363    -0.08474959371534366     0.4076924625210663       9.376431251193783E-4     -0.2992601877421023      -0.06651934949229019
-0.10526315789473695     1.6842105263157894       -0.04120205561770587     -0.2104976816172639      1.195633001685374        -0.0011559760207580797   -0.29565751166662596     -0.07041807907412882
-0.10526315789473695     1.789473684210526        -0.05648010249044434     -0.33620358698566355     1.9837758390420104       -0.003275387052309963    -0.29204875321047075     -0.07431525097643488
-0.10526315789473695     1.894736842105263        -0.07238123334031789     -0.4618636529645418      2.7721304118996675       -0.005420431220584627    -0.2884332841342776      -0.07821058774709669
-0.10526315789473695     2                        -0.08890648132186427     -0.5874749080780804      3.560699131921465        -0.007591138592901819    -0.2848106549776196      -0.0821040750847987
0.10526315789473673      0                        0.1221822823270477       1.8129084892548333       -11.386539808460403      0.029092661364792854     -0.3071624207375453      -0.02087830440183285
0.10526315789473673      0.10526315789473684      0.116846835042209        1.6867048992700333       -10.600498149401153      0.027396904014500206     -0.3036017007762475      -0.024795478517032614
0.10526315789473673      0.21052631578947367      0.1108824346072993       1.5605185062059377       -9.814387677641005       0.025674855729268354     -0.3000409676758737      -0.028712303628024242
0.10526315789473673      0.3157894736842105       0.10428939050392792      1.4343530234693298       -9.028205540779373       0.023926589755570563     -0.2964797342362489      -0.03262845742280408
0.10526315789473673      0.42105263157894735      0.0970678349403971       1.3082104591943091       -8.241942985499653       0.022152162912957466     -0.29291756255742074     -0.03654387289612707
0.10526315789473673      0.5263157894736842       0.08921804524090124      1.1820923725053745       -7.455590708984291       0.02035161620853161      -0.2893540119996008      -0.04045848377144725
0.10526315789473673      0.631578947368421        0.08074027526781992      1.056000325478003        -6.669139358955874       0.018524978482354456     -0.28578864583742064     -0.04437222977453256
0.10526315789473673      0.7368421052631579       0.07163484122131786      0.9299358322474446       -5.882579652681549       0.016672283619417586     -0.2822210272918009      -0.0482850437157444
0.10526315789473673      0.8421052631578947       0.06190202447764033      0.8039005710098321       -5.095902494856954       0.014793566457476323     -0.27865072718090916     -0.05219686149721787
0.10526315789473673      0.9473684210526315       0.051542076676533405     0.6778963007917896       -4.309098780539665       0.012888862033574788     -0.2750773200582034      -0.05610762326483676
0.10526315789473673      1.0526315789473684       0.040555318266269874     0.5519245044662423       -3.522159254005067       0.010958198890402655     -0.27150037669851146     -0.06001726863098781
0.10526315789473673      1.1578947368421053       0.028942001018353952     0.4259868075802044       -2.7350748571919605      0.009001605380137279     -0.2679194690938407      -0.06392573339711534
0.10526315789473673      1.263157894736842        0.016702478984963853     0.30008452971635313      -1.9478363144558397      0.007019103017352791     -0.26433417035204565     -0.06783296053500873
0.10526315789473673      1.3684210526315788       0.0038369470464541915    0.17421918956650698      -1.1604343959597934      0.005010722342441502     -0.26074406404062966     -0.0717389029066689
0.10526315789473673      1.4736842105263157       -0.009654322839769563    0.04839191201597037      -0.3728597165956963      0.0029764965454490604    -0.25714873459245374     -0.07564350217226162
0.10526315789473673      1.5789473684210527       -0.02377107692622585     -0.07739566508260629     0.41489630602764294      9.164378067106886E-4     -0.253547754229176       -0.07954665995092859
0.10526315789473673      1.6842105263157894       -0.03851151592805823     -0.20314138491132516     1.2028406414600743       -0.0011694753848598615   -0.24994061022086753     -0.08344814837294993
0.10526315789473673      1.789473684210526        -0.053876473844939335    -0.32884500152793417     1.9909878714772826       -0.0032811995975274943   -0.24632706199000998     -0.08734825116528547
0.10526315789473673      1.894736842105263        -0.06986448807023551     -0.45450282625301597     2.7793464495506544       -0.0054185473181118885   -0.24270656486157796     -0.09124658974615303
0.10526315789473673      2                        -0.08647660761074005     -0.5801118866368598      3.5679194099024243       -0.007581553821144719    -0.23907869085470357     -0.09514313822729493
0.3157894736842106       0                        0.12628137058120295      1.8202098198099317       -11.379329802372784      0.02895628050378706      -0.2614870015307042      -0.033877437982836205
0.3157894736842106       0.10526315789473684      0.12085989478746095      1.6940234464426627       -10.593314891608095      0.027268450944229083     -0.2579247982939164      -0.03779412557384462
0.3157894736842106       0.21052631578947367      0.1148089755490249       1.5678414934194413       -9.80720951298293        0.025554196698360804     -0.254363199221534       -0.041712287455046536
0.3157894736842106       0.3157894736842105       0.10812931555224482      1.4416792776895975       -9.021028562908967       0.023813676794946458     -0.2508008384808026      -0.045629992586760544
0.3157894736842106       0.42105263157894735      0.10082114132443386      1.3155395713926952       -8.234765793800513       0.02204698099803513      -0.24723727497964462     -0.0495470709522845
0.3157894736842106       0.5263157894736842       0.09288471707252956      1.1894242534908632       -7.448412679716901       0.02025416007203626      -0.24367207123841106     -0.053463439713012366
0.3157894736842106       0.631578947368421        0.08432028265579103      1.0633349478850138       -6.661960082513945       0.018435244989645806     -0.24010479396654308     -0.05737903782869979
0.3157894736842106       0.7368421052631579       0.07512817096463745      0.9372731693628947       -5.875398799050228       0.016590268717884306     -0.2365350082183369      -0.06129380074777628
0.3157894736842106       0.8421052631578947       0.06530866301959215      0.811240584110572        -5.088719765282616       0.014719265351122343     -0.2329622846154853      -0.06520766328151036
0.3157894736842106       0.9473684210526315       0.054862005708822485     0.6852389004409302       -4.301913883044875       0.012822277950938576     -0.22938619326781942     -0.06912055604048574
0.3157894736842106       1.0526315789473684       0.04378849377165802      0.5592697548665738       -3.5149720249033347      0.010899332092947871     -0.225806310701923       -0.07303242416770675
0.3157894736842106       1.1578947368421053       0.03208843300902249      0.43333460709981914      -2.727885074017127       0.008950452630858082     -0.22222220438774237     -0.07694320090551336
0.3157894736842106       1.263157894736842        0.019762074390663152     0.3074349768149109       -1.940643806302044       0.006975666919521003     -0.21863345467569903     -0.08085283417019266
0.3157894736842106       1.3684210526315788       0.0068096733079218525    0.181572255128672        -1.1532389910956358      0.0049749988802504416    -0.21503963915064397     -0.08476127570436437
0.3157894736842106       1.4736842105263157       -0.0067684681594334765   0.0557474805477738       -0.36566118737968983     0.0029484775839551326    -0.21144034093987105     -0.08866847030033236
0.3157894736842106       1.5789473684210527       -0.02097206033142471     -0.07003767008175871     0.4220982014837049       8.961333667117881E-4     -0.20783513505770485     -0.0925743019968987
0.3157894736842106       1.6842105263157894       -0.03579930529872738     -0.1957807757323201      1.2100462314480567       -0.0011820691963203803   -0.20422350783221346     -0.09647856399798777
0.3157894736842106       1.789473684210526        -0.051251172375141124    -0.3214818625726489      1.9981973713651393       -0.0032861135047703265   -0.2006051805208255      -0.10038159034389552
0.3157894736842106       1.894736842105263        -0.06732622328672956     -0.4471374573368865      2.786559811489748        -0.005415787395735797    -0.19697966796872043     -0.1042829446960535
0.3157894736842106       2                        -0.08402725319908981     -0.5727428001977879      3.575124519360388        -0.007571371799547266    -0.19334664833619516     -0.10818261989598059
0.5263157894736841       0                        0.130402019074374        1.8275075098395648       -11.372119830823824      0.02882083196056315      -0.215812197970183       -0.0468769496277922
0.5263157894736841       0.10526315789473684      0.124894330591989        1.7013408915394865       -10.586123051361495      0.027140789494056575     -0.21224781994446523     -0.050793594214400176
0.5263157894736841       0.21052631578947367      0.1187570391618484       1.575165306767482        -9.800026660982278       0.02543435551876166      -0.20868529007787087     -0.05471271860816833
0.5263157894736841       0.3157894736842105       0.11199084976704848      1.4490071883917384       -9.01384890446189        0.023701615848627126     -0.20512178955135132     -0.05863188235074022
0.5263157894736841       0.42105263157894735      0.10459606916439135      1.322870837258564        -8.227587070292278       0.021942670240657824     -0.2015568295364932      -0.06255059342516088
0.5263157894736841       0.5263157894736842       0.09657302147045912      1.1967585655105661       -7.441233807364624       0.02015758339411563      -0.19798997039094873     -0.06646871383311521
0.5263157894736841       0.631578947368421        0.08792193740085823      1.0706722510405728       -6.654780515235655       0.018346394632850004     -0.19442078013473046     -0.07038616408028307
0.5263157894736841       0.7368421052631579       0.07864314291169218      0.9446134335835947       -5.868218109798002       0.016509142474700634     -0.19084882510462253     -0.0743028756898284
0.5263157894736841       0.8421052631578947       0.06873691646458467      0.818583727519814        -5.081537547069504       0.014645863340809044     -0.18727367400724468     -0.07821877872774674
0.5263157894736841       0.9473684210526315       0.05820353773585261      0.6925848765790474       -4.294729836034997       0.01275659446385229      -0.18369489878289783     -0.08213380761541288
0.5263157894736841       1.0526315789473684       0.04704329356317429      0.5666184705606369       -3.507785855011203       0.01084136615133972      -0.18011207358706344     -0.08604790112404591
0.5263157894736841       1.1578947368421053       0.03525646887677919      0.4406860548577127       -2.7206965510212555      0.008900202792713877     -0.17652476974589915     -0.08996099552707934
0.5263157894736841       1.263157894736842        0.022843329482624037     0.3147891367782497       -1.9334527634278555      0.006933130175584013     -0.17293256407146707     -0.09387303606976098
0.5263157894736841       1.3684210526315788       0.00980408674132846      0.18892913739899717      -1.1460452342331304      0.004940174356876785     -0.1693350384095606      -0.09778397761311554
0.5263157894736841       1.4736842105263157       -0.00386090701217917     0.06310702069817281      -0.35846451392227424     0.002921357404933085     -0.16573177045606918     -0.10169376726743165
0.5263157894736841       1.5789473684210527       -0.01815129890125551     -0.06267548932610019     0.42929804147321715      8.767278307022268E-4     -0.16212233926904718     -0.1056022729126757
0.5263157894736841       1.6842105263157894       -0.03306532018378308     -0.18841580746098016     1.217249682413269        -0.001193756594299251    -0.1585062280331593      -0.10950931956420508
0.5263157894736841       1.789473684210526        -0.04860402213739203     -0.314114248983048       2.0054045413373798       -0.003290113628719091    -0.1548831392755994      -0.11341525148546763
0.5263157894736841       1.894736842105263        -0.0647660891695746      -0.4397673562214967      2.793770844561118        -0.005412101237404776    -0.15125260635075996     -0.11731961304753141
0.5263157894736841       2                        -0.08155387518634377     -0.5653697606631759      3.582340110438713        -0.007559931858325063    -0.1476144728222368      -0.12122226968945779
0.7368421052631575       0                        0.1345449182880679       1.8348051496467996       -11.364911024643211      0.028686348072621336     -0.1701376180062078      -0.05987680133588175
0.7368421052631575       0.10526315789473684      0.12895027077718813      1.7086565547408183       -10.578925656246486      0.027014023951015355     -0.16657108495311895     -0.06379402196328024
0.7368421052631575       0.21052631578947367      0.12272659568448413      1.5824899237849408       -9.792840250718038       0.025315361471535725     -0.16300728141458357     -0.06771369426762985
0.7368421052631575       0.3157894736842105       0.11587391954738342      1.4563367024272074       -9.006667025997087       0.023590407067446188     -0.15944260725871595     -0.07163418974043996
0.7368421052631575       0.42105263157894735      0.10839258344896482      1.3302042685174802       -8.220407193904679       0.02183922711890982      -0.15587623781861845     -0.07555448100422214
0.7368421052631575       0.5263157894736842       0.10028291877770427      1.2040954129699226       -7.434054453332139       0.02006188555348498      -0.15230771721998718     -0.079474331099655
0.7368421052631575       0.631578947368421        0.09154519435342719      1.0780123150690741       -6.647600904219403       0.01825843135114343      -0.14873660715805628     -0.08339362244643592
0.7368421052631575       0.7368421052631579       0.08217972508138117      0.9519566360594445       -5.861037718172178       0.016428908870965025     -0.14516247736269927     -0.08731227789168776
0.7368421052631575       0.8421052631578947       0.07218679263688936      0.825929992269939        -5.074355926475818       0.014573354278410566     -0.14158489681883105     -0.09123022401772415
0.7368421052631575       0.9473684210526315       0.06156668445245218      0.6999341512061691       -4.287546647084523       0.012691808533946792     -0.1380034348714607      -0.09514738843922142
0.7368421052631575       1.0526315789473684       0.050319693213545146     0.5739706986679672       -3.500600801734428       0.010784300239924405     -0.1344176662258618      -0.09906371001792176
0.7368421052631575       1.1578947368421053       0.03844609150133261      0.4480412114062496       -2.713509380411928       0.008850854800955734     -0.13082716351354684     -0.1029791246315995
0.7368421052631575       1.263157894736842        0.025946158404786313     0.32214715413222617      -1.9262632293316617      0.006891497171723217     -0.12723150235093722     -0.10689357607345425
0.7368421052631575       1.3684210526315788       0.012820117484910737     0.19628995061281707      -1.1388531476825339      0.004906252101761666     -0.12363026298235782     -0.11080701832227725
0.7368421052631575       1.4736842105263157       -9.316992134619695E-4    0.07047062032239115      -0.35126969591795715     0.002895141645082957     -0.1200230243301083      -0.11471940060989637
0.7368421052631575       1.5789473684210527       -0.015308810981205073    -0.05530907737512321     0.43649582017503885      8.582239219801633E-4     -0.1164093697194251      -0.11863057762823684
0.7368421052631575       1.6842105263157894       -0.03030954131415635     -0.1810464729869617      1.224450923265482        -0.0012045396368888298   -0.11278878790765677     -0.12254041129663135
0.7368421052631575       1.789473684210526        -0.045935038903965504    -0.3067422001251539      2.012609529809174        -0.003293195387934283    -0.10916092954647061     -0.12644924311260664
0.7368421052631575       1.894736842105263        -0.062184067396871316    -0.4323925359007741      2.8009796583767423       -0.005407479787205335    -0.1055253624318542      -0.13035660565396356
0.7368421052631575       2                        -0.07905880984023168     -0.557991916103429       3.589552902837167        -0.007547589522498253    -0.10188209293888521     -0.134262270334918
0.9473684210526314       0                        0.13870957025513767      1.8421037379688032       -11.357703128854459      0.02855280571154728      -0.12446313310719893     -0.0728770165854913
0.9473684210526314       0.10526315789473684      0.1330277914279229       1.715969618185711        -10.571725307825792      0.0268881762415888       -0.12089489353868718     -0.07679516023748183
0.9473684210526314       0.21052631578947367      0.12671779507951367      1.5898149418466363       -9.785650885668515       0.025197256500318645     -0.11732923523619893     -0.08071528545304778
0.9473684210526314       0.3157894736842105       0.1197785568600145       1.463667520199984        -8.999483171174095       0.0234800634052509       -0.1137633101450885      -0.0846369596092007
0.9473684210526314       0.42105263157894735      0.11221068205231713      1.337539568020824        -8.213226115489205       0.02173665143658445      -0.11019550716901984     -0.08855877030369576
0.9473684210526314       0.5263157894736842       0.10401442231555165      1.2114346366318007       -7.426874679792631       0.01996706532763242      -0.10662531245338303     -0.09248031495303716
0.9473684210526314       0.631578947368421        0.09519006378239911      1.0853550031408024       -6.640421275602701       0.018171351746785757     -0.10305227699022576     -0.09640143404763281
0.9473684210526314       0.7368421052631579       0.08573792145154083      0.959302736083569        -5.853857716338975       0.016349564478135063     -0.09947596618778762     -0.1003220236848375
0.9473684210526314       0.8421052631578947       0.07565827359195694      0.8332794329183293       -5.06717507061331        0.014501740260456641     -0.09589595087085015     -0.10424200649878242
0.9473684210526314       0.9473684210526315       0.06495142701193383      0.7072867930800214       -4.280364461351384       0.012627920097363856     -0.09231180020976205     -0.10816130691814323
0.9473684210526314       1.0526315789473684       0.053617679698788744     0.5813264575118628       -3.4934169525329013      0.010728134808644079     -0.08872308597783535     -0.11207985709057537
0.9473684210526314       1.1578947368421053       0.04165729982587454      0.45540004370720744      -2.706323604216822       0.008802408918334623     -0.08512938172274082     -0.1159975929541845
0.9473684210526314       1.263157894736842        0.029070567313993566     0.32950900943881256      -1.91907527958924        0.0068507673572594414    -0.08153026321105727     -0.11991445782176319
0.9473684210526314       1.3684210526315788       0.01585773703701073      0.2036547129994271       -1.1316627786221978      0.0048732346575585455    -0.07792530822018974     -0.12383040258002603
0.9473684210526314       1.4736842105263157       0.0020191279417546342    0.07783828993798443      -0.3440767393061234      0.002869831923533018     -0.07431409695685218     -0.1277453772047633
0.9473684210526314       1.5789473684210527       -0.012444668919438833    -0.04793844621134255     0.44369160818164155      8.406230588049832E-4     -0.07069621838593154     -0.1316592254761205
0.9473684210526314       1.6842105263157894       -0.027532043415811915    -0.17367283100858322     1.2316500151649508       -0.0012144268742996008   -0.06707118132779481     -0.13557184539976094
0.9473684210526314       1.789473684210526        -0.04324438703090494     -0.29936569551604275     2.0198122109927703       -0.0032953691119332403   -0.06343853837033472     -0.13948357678376558
0.9473684210526314       1.894736842105263        -0.05958027991331565     -0.42501300584689644     2.8081861434796935       -0.005401931390821331    -0.05979791887716896     -0.14339394086524399
0.9473684210526314       2                        -0.07654203511131688     -0.5506091896900756      3.5967623612065442       -0.007534338649804784    -0.05614952655935561     -0.14730259362460266
1.1578947368421053       0                        0.14289593083055144      1.8494029977683837       -11.3504953455005        0.028420161974911075     -0.0787886915961397      -0.0858776106898774
1.1578947368421053       0.10526315789473684      0.13712733183514114      1.723281486712672        -10.564524300380093      0.026763271650979536     -0.07521909540742895     -0.08979674498148695
1.1578947368421053       0.21052631578947367      0.13073048234479395      1.5971399960619979       -9.778459055311327       0.02508006429715619      -0.0716512680173511      -0.09371753853318471
1.1578947368421053       0.3157894736842105       0.12370482350590102      1.4709996791791433       -8.992297812361258       0.023370610866555758     -0.0680839261640033      -0.09764022999966523
1.1578947368421053       0.42105263157894735      0.1160503481785662       1.344876746283769        -8.206044158463353       0.02163495458712348      -0.06451465203788782     -0.1015634824787797
1.1578947368421053       0.5263157894736842       0.10776750594682263      1.2187761035154778       -7.419694475998992       0.01987312568426332      -0.06094276360057101     -0.1054866881883808
1.1578947368421053       0.631578947368421        0.09885651722529792      1.0927004135115335       -6.633241844981651       0.018085159590164105     -0.0573677919599609      -0.10940961259236302
1.1578947368421053       0.7368421052631579       0.08931769786048059      0.966651802070811        -5.846678238796393       0.016271111243118724     -0.05378929467801885     -0.11333212701629446
1.1578947368421053       0.8421052631578947       0.07915134833338407      0.8406319910009085       -5.05999497709262        0.014431020271159403     -0.050206837745771005    -0.11725414006214391
1.1578947368421053       0.9473684210526315       0.06835776697804215      0.7146427491827887       -4.273183306807806       0.012564928528207404     -0.04661999249340521     -0.12117557202974344
1.1578947368421053       1.0526315789473684       0.05693726015109781      0.5886857166546933       -3.4862343641758433      0.010672868258177662     -0.04302832873848297     -0.12509634953023593
1.1578947368421053       1.1578947368421053       0.04489009850753375      0.46276252232256854      -2.6991392600685944      0.008754864126010195     -0.03943142046345704     -0.12901640680604798
1.1578947368421053       1.263157894736842        0.03221657812399355      0.3368746275380074       -1.9118889207504288      0.006810940254256023     -0.035828840554750586    -0.13293568559150906
1.1578947368421053       1.3684210526315788       0.018916956162861865     0.21102339655283414      -1.1244741560805784      0.004841121268808978     -0.03222016833688799     -0.13685413530292917
1.1578947368421053       1.4736842105263157       0.0049915691226523114    0.0852100207705604       -0.3368856473817607      0.002845429367508128     -0.02860498273628643     -0.1407717020008693
1.1578947368421053       1.5789473684210527       -0.009558877318595524    -0.04056361015234165     0.45088542512123025      8.239249596020626E-4     -0.02498288473684922     -0.14468822275242824
1.1578947368421053       1.6842105263157894       -0.024732897056127287    -0.1662948989951437      1.2388470088034995       -0.0012234200123259124   -0.021353396911818555    -0.14860362899604493
1.1578947368421053       1.789473684210526        -0.0405322291044555      -0.2919847366277032      2.027012457023871        -0.0032966522333966017   -0.017715968531544658    -0.15251826258453088
1.1578947368421053       1.894736842105263        -0.05695499647545892     -0.4176289494155844      2.815389982675995        -0.005395497545535799    -0.014070291633414648    -0.15643163907311547
1.1578947368421053       2                        -0.07400365228644518     -0.5432216863051689      3.6039692984442957       -0.00752018521518046     -0.010416765021573002    -0.16034327910063426
1.3684210526315788       0                        0.14710397749754178      1.8567036785993472       -11.343288582528283      0.028288435325382694     -0.03311427173455959     -0.09887854954994839
1.3684210526315788       0.10526315789473684      0.14124874310292215      1.7305937001859426       -10.557323783694189      0.026639290470837042     -0.02954344707668252     -0.10279870264165772
1.3684210526315788       0.21052631578947367      0.1347646741002485       1.6044646162783842       -9.771265561462492       0.02496378249808297      -0.02597360478480369     -0.10672044720022082
1.3684210526315788       0.3157894736842105       0.12765277004516437      1.4783331233132138       -8.985111347145322       0.023262068170634212     -0.02240449853831386     -0.1106440269610504
1.3684210526315788       0.42105263157894735      0.1199116174268727       1.3522157832508124       -8.198861548044302       0.02153414673123682      -0.01883368911681942     -0.11456864723196115
1.3684210526315788       0.5263157894736842       0.11154216125112383      1.226119798754263        -7.412514015660357       0.019780068001065566     -0.01526008227414024     -0.11849347204400773
1.3684210526315788       0.631578947368421        0.10254455262881979      1.100048332225968        -6.6260624713689245      0.01799985208105962      -0.011683157777689837    -0.12241817995500066
1.3684210526315788       0.7368421052631579       0.09291907064863499      0.9740036498146325       -5.839499186797299       0.016193548587271157     -0.00810246133114189     -0.1263426013166819
1.3684210526315788       0.8421052631578947       0.08266602620045072      0.8479875586948131       -5.05281561149958        0.014361195063689467     -0.004517555117387917    -0.13026663481784068
1.3684210526315788       0.9473684210526315       0.07178572547653521      0.7220018985466792       -4.266003143099613       0.012502833714909092     -9.280075564064469E-4    -0.1341901924393933
1.3684210526315788       1.0526315789473684       0.060278460795526866     0.5960483619837184       -3.4790530013772445      0.010618499478717208     0.002666610424919855     -0.1381131954161591
1.3684210526315788       1.1578947368421053       0.04814453125213641      0.4701285416790417       -2.6919563419589996      0.008708217352976581     0.006266728417447318     -0.1420355736790547
1.3684210526315788       1.263157894736842        0.03538420065698909      0.3442439804722111       -1.9047041725147729      0.006772014181570229     0.009872771268439912     -0.14595726632099768
1.3684210526315788       1.3684210526315788       0.02199778654003684      0.21839597086580467      -1.1172872911047642      0.004809910309434322     0.013485163406389304     -0.1498782228053355
1.3684210526315788       1.4736842105263157       0.007985631848699541     0.09258579218314547      -0.3296964092223353      0.002821930486908409     0.01710432282479191      -0.15379838170904855
1.3684210526315788       1.5789473684210527       -0.006651438638638465    -0.033184577898295715    0.4580772685433538       8.081288180337886E-4     0.020730633917414004     -0.15771757626590563
1.3684210526315788       1.6842105263157894       -0.021912167346101245    -0.15891265110964678     1.2460419095612265       -0.0012315159218718764   0.02436457984585861      -0.16163577073940508
1.3684210526315788       1.789473684210526        -0.037798473349000564    -0.28459928791489014     2.034210446629093        -0.0032970318918731567   0.028006798843409793     -0.16555330884246658
1.3684210526315788       1.894736842105263        -0.05430814281301776     -0.4102402885664174      2.822591371232302        -0.005388161773903038    0.03165753308586572      -0.16946970414606863
1.3684210526315788       2                        -0.0714436684841065      -0.5358294065357813      3.6111737594615896       -0.007505126968944289    0.0353161932592924       -0.17338433379024162
1.5789473684210522       0                        0.15133364299124774      1.864005447137147        -11.336082245495684      0.028157615072388502     0.01256012734757909      -0.11187986970881299
1.5789473684210522       0.10526315789473684      0.14539179391709753      1.737905667880496        -10.55012275292347       0.02651621113697515      0.01613207778918319      -0.11580109061046849
1.5789473684210522       0.21052631578947367      0.13882076839546278      1.6117886110542419       -9.764071206100118       0.024848421136781214     0.01970370180899645      -0.119723876708731
1.5789473684210522       0.3157894736842105       0.13162217471518342      1.48566746933201         -8.977923827931576       0.023154432569452123     0.023274908358580187     -0.12364837211749213
1.5789473684210522       0.42105263157894735      0.12379457231681835      1.35955657701439         -8.191678414254673       0.02143424317381726      0.026847366998074895     -0.1275742826451244
1.5789473684210522       0.5263157894736842       0.11533842304340325      1.2334657109318679       -7.405333502471699       0.01968790137677891      0.030422727991818596     -0.13150067765210383
1.5789473684210522       0.631578947368421        0.10625417245291413      1.1073988194454447       -6.618883413001548       0.017915433783065465     0.03400162588438868      -0.1354271405327681
1.5789473684210522       0.7368421052631579       0.09654203444322954      0.9813582851862342       -5.8323206608644185      0.016116876081505905     0.0375845336040294       -0.13935345776586053
1.5789473684210522       0.8421052631578947       0.08620231281274043      0.8553461066068426       -5.045637009241842       0.014292262036474265     0.04117189891659611      -0.14327950338687562
1.5789473684210522       0.9473684210526315       0.07523530912154118      0.7293642010082143       -4.25882397306542        0.012441633619475066     0.04476415727398264      -0.1472051799673478
1.5789473684210522       1.0526315789473684       0.06364128987040746      0.6034143381760252       -3.4718728452009326      0.010565028218366732     0.04836173503743754      -0.15113040410127088
1.5789473684210522       1.1578947368421053       0.05142059211578582      0.4774980838935164       -2.684774846430462       0.008662469137694577     0.0519650681747125       -0.15505510208879397
1.5789473684210522       1.263157894736842        0.03857347052912387      0.35161699567888544      -1.8975209994024895      0.0067339862234286774    0.05557457848082451      -0.15897920966471132
1.5789473684210522       1.3684210526315788       0.025100254015696103     0.22577239146597383      -1.1101021591673526      0.004779598883056492     0.059190693179282355     -0.16290267322857901
1.5789473684210522       1.4736842105263157       0.011001342543731847     0.09996557901038065      -0.3225090156641799      0.0027993321163271873    0.0628138244630776       -0.16682542420773686
1.5789473684210522       1.5789473684210527       -0.0037223556101239567   -0.025801387515612104    0.46526717446694205      7.932314321857955E-4     0.06644434751832042      -0.17074729693055127
1.5789473684210522       1.6842105263157894       -0.019069868570622272    -0.15152608035444343     1.2532347489649476       -0.0012387115779396842   0.07008276539571082      -0.17466828267010864
1.5789473684210522       1.789473684210526        -0.03504318782692955     -0.2772093407764578      2.0414060447933595       -0.003296514089180839    0.07372976590192029      -0.1785887166149439
1.5789473684210522       1.894736842105263        -0.05163976471456039     -0.4028470365643491      2.829790160787389        -0.005379931718976423    0.0773855441829949       -0.1825081315119536
1.5789473684210522       2                        -0.06886208287838701     -0.5284323490504923      3.6183756714313673       -0.0074891664342424695   0.08104935393075748      -0.18642575837883513
1.789473684210526        0                        0.1555849448499659       1.8713083662849535       -11.328876351542291      0.028027695729681116     0.05823452992529139      -0.12488158400174718
1.789473684210526        0.10526315789473684      0.14955643759274204      1.7452181906501862       -10.542921851975455      0.026394040025264184     0.06180755897917706      -0.12880387448004119
1.789473684210526        0.21052631578947367      0.14289879984776777      1.6191127391506839       -9.756876785009188       0.02473397923264803      0.06538080321390874      -0.13272773266767246
1.789473684210526        0.3157894736842105       0.13561296215514135      1.4930024035618992       -8.97073553700022        0.02304769741223636      0.06895419265155392      -0.13665327461944352
1.789473684210526        0.42105263157894735      0.12769919766513504      1.3668990350022752       -8.184494930997861       0.021335250738072433     0.07252848531390255      -0.14058040483989392
1.789473684210526        0.5263157894736842       0.11915633725403522      1.2408136940557508       -7.3981528864779635      0.01959663436145907      0.07610565781676139      -0.1445083255522805
1.789473684210526        0.631578947368421        0.10998539419207326      1.1147516740426966       -6.611704548181777       0.01783190858265558      0.07968655221385537      -0.14843651062818683
1.789473684210526        0.7368421052631579       0.1001865941525696       0.9887155800749204       -5.825142616921616       0.016041094778210543     0.08327168752592373      -0.15236470743647895
1.789473684210526        0.8421052631578947       0.0897601938182895       0.8627075974577203       -5.038459173656951       0.014224221885892351     0.08686152357655007      -0.15629275557013664
1.789473684210526        0.9473684210526315       0.07870648623906579      0.7367296757618478       -4.251645805179598       0.012381328080756884     0.09045650009298692      -0.16022054623842769
1.789473684210526        1.0526315789473684       0.06702574593136723      0.6107836189712327       -3.4646938753732086      0.010512452184280586     0.09405704730196371      -0.16414798777606052
1.789473684210526        1.1578947368421053       0.0547182801545274       0.4848711157011305       -2.6775947359082175      0.008617619155804328     0.09766360092363718      -0.16807500196152517
1.789473684210526        1.263157894736842        0.04178436363104105      0.35899368865479536      -1.8903393894380318      0.006696857541999329     0.10127658211799283      -0.1720015238585253
1.789473684210526        1.3684210526315788       0.02822435196810845      0.2331526580365387       -1.102918734362035       0.004750188268631359     0.10489642089732018      -0.1759274933449155
1.789473684210526        1.4736842105263157       0.0140386896058354       0.10734938515787938      -0.31532346214720003     0.002777634287545122     0.1085235246478218       -0.17985283495068216
1.789473684210526        1.5789473684210527       -7.716580770709949E-4    -0.018414012905632313    0.4724551139062571       7.792353218212991E-4     0.11215826073352052      -0.1837773891904885
1.789473684210526        1.6842105263157894       -0.01620603313180488     -0.14413514212955594     1.2604254324314839       -0.0012450043705720649   0.11580116647760369      -0.18770116907335524
1.789473684210526        1.789473684210526        -0.03226629631921656     -0.26981478206345155     2.0485991335929685       -0.0032950726744915204   0.11945292738909374      -0.19162448830866116
1.789473684210526        1.894736842105263        -0.04894985951020429     -0.39544918357203673     2.8369864293575286       -0.005370808994677664    0.12311375039365796      -0.19554693458603045
1.789473684210526        2                        -0.06625889646063052     -0.5210305035209373      3.6255749774231365       -0.007472303768228454    0.12678271842135547      -0.1994675539236934
2                        0                        0.1598578656804739       1.878612399545934        -11.3216708054433        0.02789867953567359      0.10390895281554467      -0.1378836997828903
2                        0.10526315789473684      0.15374272027990407      1.7525315779262653       -10.53572127741899       0.026272772840710317     0.1074830304494981       -0.1418070519476803
2                        0.21052631578947367      0.1469986044703099       1.6264370477825554       -9.749682174242391       0.024620447839458777     0.111057785552081        -0.14573202084739845
2                        0.3157894736842105       0.1396255132501023       1.5003374784660537       -8.963546670670093       0.022941878716083667     0.1146332188269461       -0.1496587164412223
2                        0.42105263157894735      0.13162529596439312      1.3742428096796924       -8.17731106454835        0.021237165066323015     0.11820962512147906      -0.15358702056940293
2                        0.5263157894736842       0.12299593297921067      1.248163751007731        -7.390972312972135       0.01950627790015798      0.12178869180841863      -0.15751642711580774
2                        0.631578947368421        0.11373824873003706      1.122106874974556        -6.604525947030338       0.01774928101846579      0.12537161690497373      -0.16144630575290322
2                        0.7368421052631579       0.10385276513045316      0.9960755118881657       -5.81796514373673        0.015966205822448024     0.12895899998483207      -0.16537636023379024
2                        0.8421052631578947       0.0933396771679407       0.870071960903879        -5.03128211126645        0.014157073960888006     0.13255131954318836      -0.16930640057330898
2                        0.9473684210526315       0.08219926646157802      0.7440982323562196       -4.244468597159634       0.012321917223716186     0.13614902349764446      -0.17323629923519498
2                        1.0526315789473684       0.07043179770796976      0.6181562255560903       -3.4575161034912942      0.010460772754992834     0.1397525472841674       -0.17716595442251007
2                        1.1578947368421053       0.05803758152327406      0.4922476291489133       -2.6704159895213357      0.008573667013156948     0.1433623281168275       -0.1810952827030456
2                        1.263157894736842        0.04501688759837654      0.3663740259302419       -1.8831593198891092      0.006660627777424757     0.14697878808065565      -0.18502421726798696
2                        1.3684210526315788       0.03137007968693061      0.24053675327175417      -1.0957369992881125      0.00472167755998036      0.15060235191013419      -0.1889526912488548
2                        1.4736842105263157       0.01709767082066262      0.11473719131529263      -0.30813973007123496     0.002756835776943199     0.15423342870761195      -0.19288062296583802
2                        1.5789473684210527       0.0022006253541748014    -0.011022430971812252    0.4796410914250121       7.661493369499547E-4     0.15787239545651377      -0.1968078729780926
2                        1.6842105263157894       -0.013320630772913657    -0.13673980557911156     1.2676139204828651       -0.0012503709955151029   0.16151980114091555      -0.20073444366253174
2                        1.789473684210526        -0.02946790811822158     -0.26241581043763007     2.055790038575946        -0.0032927532658419073   0.16517629537495065      -0.20466064224794706
2                        1.894736842105263        -0.04623844820232335     -0.38804673447192406     2.844180115807649        -0.005360795184948603    0.1688421429252465       -0.2085861090215768
2                        2                        -0.06363412158488796     -0.5136238895305989      3.632771804129126        -0.007454540602586499    0.1725162942005878       -0.21250973195243758
