thetap                 phip                     Fp_x (N)                 Fp_y (N)                 Fp_z (N)                 Tp_x (N*m)               Tp_y (N*m)               Tp_z (N*m)
0                        0                        0.04079594785427564      0.00603095298550238      -0.3293555422646603      8.123861429568729E-4     0.32001211997553025      2.9057024804002356E-4
0                        10                       0.03792619424163289      0.012318585825887782     -0.3198607670011122      -0.02142852442590205     0.3154040336393793       -5.311363061780761E-4
0                        20                       0.025635586563382846     0.0051192930931117445    -0.3034390200529211      -0.041138730002751776    0.3089221173386478       -0.0011393369726644708
0                        30                       0.04308157747604196      0.006221551804577945     -0.2618503759872498      -0.05586831562877253     0.290079482016567        -0.00141224447470838
0                        40                       0.028992877829043397     0.007978363313032156     -0.1978014433463686      -0.0643442655327258      0.27511363054409077      -7.873215727025146E-4
0                        50                       0.015539948921770968     0.010603125317385784     -0.14029231325897148     -0.063928993571539       0.25174393557024244      -7.162435325808591E-4
0                        60                       0.02568473844812612      0.007432373567934203     -0.08659446697002895     -0.0567438052786622      0.23113814082615228      -8.004631107417397E-4
0                        70                       0.021981463850792395     0.008766089773577944     -0.03367028770222555     -0.0422531305591591      0.2161635695523112       -1.812960956953172E-4
0                        80                       0.021150645733237803     0.0044442490292007815    -0.0021361695094487525   -0.021984138121724422    0.20365428441353517      -1.6101700177751767E-4
0                        90                       0.021065913118887766     0.011352283868436442     -6.874407827393743E-4    0.0015984493524819376    0.2000830116945483       -1.1990291018654405E-4
0                        100                      0.02903947110206728      -0.003207234835044397    0.018701035941643233     0.0222673456258889       0.202722265228457        4.233866680046125E-4
0                        110                      0.019965742965230602     -0.0064569893193762665   -0.022191577409132968    0.04325746662681529      0.216945640652903        7.949870544759615E-5
0                        120                      0.02370349042226934      -0.011809838456600046    -0.07706384696142952     0.05630226479806457      0.23228344606144513      6.377952292303177E-4
0                        130                      0.011693519994672219     -0.01609612100425458     -0.14493099606993695     0.06309238629372929      0.2529972786413419       0.0012947536157957512
0                        140                      0.0343365446819154       -0.011430632774384601    -0.19380870440018858     0.06376124290374248      0.2740907906539784       3.411851013211495E-4
0                        150                      0.04842702057300908      -0.012911272695138313    -0.2383228889584575      0.05376009379807311      0.29532293054486897      4.108816322505142E-5
0                        160                      0.025531082953107617     -0.007141947953168045    -0.2823500930459339      0.04060354704558792      0.30647957776944657      3.8314767762411933E-4
0                        170                      0.028397142933838777     0.001110385551226447     -0.3316233316216615      0.02127674603016019      0.3176616856150192       2.9088870385865116E-4
0                        180                      0.046586367859266994     0.007200982608333415     -0.32660596203260495     4.183643497108291E-4     0.32079253097860727      2.2698613401724103E-4
10                       0                        0.15199176188314859      -0.007874741943105518    -0.3133593580517348      0.0011031270739702915    0.3051853579812514       -2.5529406162023906E-4
10                       10                       0.16513416151742938      0.01741355860616104      -0.3079865296621226      -0.02082324767968334     0.2989412622714602       -0.009004135689348658
10                       20                       0.15281250002878197      0.03443058703013579      -0.2870541020310993      -0.03664548750996706     0.2923477578559989       -0.01749263732214022
10                       30                       0.1369696471788694       0.035431299630276386     -0.22998561024543324     -0.05118963849729194     0.2764262257955238       -0.02625858409225503
10                       40                       0.11482606573482047      0.039931947800746596     -0.16931712341743127     -0.058251216089891644    0.25749579020329777      -0.03320014124776609
10                       50                       0.0807275061180082       0.030690322824046712     -0.1207413234806129      -0.059756369160334326    0.24207143285780192      -0.04068247948126939
10                       60                       0.06109974965108914      0.03901568731915696      -0.07263845265038292     -0.0516678049394287      0.22046168550883155      -0.046697055419737295
10                       70                       0.037891829066335876     0.025879897721016343     -0.02544273250361752     -0.038701945261973805    0.19911855514802185      -0.05107184721411784
10                       80                       0.021635093858163743     0.03566028830836843      0.0039332706852920705    -0.02056700679325852     0.19499996736570652      -0.0528815910689143
10                       90                       0.03405500855825591      0.01548909693944121      0.0016596984878980408    0.0011730297457337039    0.19513066003931417      -0.0555278661667975
10                       100                      -0.0042191648944159554   0.01393084089285844      0.00343506540352237      0.02101363723684781      0.19691351562201023      -0.054183832830525365
10                       110                      -0.008951605365857481    0.020492209759032425     -0.025787881331151428    0.039129399215856786     0.20502993209543374      -0.05003868614812536
10                       120                      -0.031224609597360578    0.02024107811379778      -0.068431197709293       0.05539455617247243      0.21881646207119043      -0.04505467998071607
10                       130                      -0.034724713656598155    0.019757400053728048     -0.13539786043178487     0.059220717593230124     0.24081448428799954      -0.03944626079410265
10                       140                      -0.053537114619034494    0.013874294482350278     -0.18513489747658282     0.058633049630209245     0.2607950221865356       -0.0325062237452248
10                       150                      -0.06397049334359922     0.016778243279798735     -0.2299255945626476      0.051422797463293375     0.27750168806038306      -0.02485514447774537
10                       160                      -0.06587911443050978     0.007100673024389656     -0.2746490336272587      0.03705735277242831      0.29333187886716494      -0.01761955179010917
10                       170                      -0.07740520957033996     0.009345086817801319     -0.2923340081620052      0.018725244966959594     0.30438247900136767      -0.009087716856977384
10                       180                      -0.06580763227888246     0.0014762472183563542    -0.3072066252367115      -3.9983498563346217E-4   0.30928655804674654      -0.001131469418545749
20                       0                        0.24002143077682367      -0.002154190031260292    -0.2310077549374946      8.141388424429338E-4     0.257588151405105        -6.843537857182625E-4
20                       10                       0.25731292222587815      0.027025199621505323     -0.22070830493173296     -0.015155192136978484    0.25423404807604005      -0.01690244064115024
20                       20                       0.2169910315881718       0.039877599130109846     -0.2200593115892407      -0.028943673294143053    0.24802825115591587      -0.03357696299549238
20                       30                       0.19774168275671383      0.04695003819421265      -0.17665442745151347     -0.03946926348239358     0.23483976606246587      -0.04951985923612927
20                       40                       0.1733191130174169       0.05293191691154049      -0.14612670823044285     -0.04569577170815472     0.21847645002631996      -0.06431922120051108
20                       50                       0.13778150772810752      0.04762644601225067      -0.1032754662539347      -0.04563530853095949     0.20286005081000952      -0.07698117243573042
20                       60                       0.09796395363661753      0.05014219923897412      -0.06460538037091437     -0.038114953222979996    0.18798809308506742      -0.08887848059254211
20                       70                       0.07070600021257732      0.05063735432680305      -0.039059952429824726    -0.02903513980037359     0.17507130365531068      -0.09573398146057588
20                       80                       0.05598502086790019      0.03664601053542706      -0.00592259095505544     -0.014063425831356783    0.16514223656636598      -0.10196555427334673
20                       90                       0.020406598173453493     0.0467938688608048       0.03224896847149191      -3.414100901718469E-5    0.16237617234673044      -0.10221788404604043
20                       100                      -0.019375239055443638    0.0408782386214962       -0.00607167718808465     0.017891401025542333     0.16618312642672975      -0.10038217492609897
20                       110                      -0.02603412538686198     0.046987158863684354     -0.041093617316628375    0.031456323392299076     0.17668905048140204      -0.09485015728551371
20                       120                      -0.08097840000194703     0.03083679665758205      -0.063637165274848       0.04163305605325816      0.1899492829029841       -0.08772593598553367
20                       130                      -0.09949388067505138     0.03976803887991823      -0.10446738703403162     0.04629548743817637      0.20615671925616116      -0.07507293384995385
20                       140                      -0.10855222945363346     0.034376714529974144     -0.12916265794660542     0.04614219415913515      0.2198881864124927       -0.06329230704086186
20                       150                      -0.14017882428275935     0.025318123680304595     -0.17285735340466632     0.04021420543391416      0.2360471681156935       -0.047536457124321294
20                       160                      -0.16005524036997928     0.02251093746847277      -0.204492706203107       0.028842560025940076     0.2498024006666929       -0.03238590132793786
20                       170                      -0.18920534441771628     0.007820957748660054     -0.22554986853818032     0.015644651418721275     0.2571536278744459       -0.01673351421456609
20                       180                      -0.19235387337896903     8.875612940469893E-5     -0.22547953587314526     5.733089932790209E-4     0.26157454662017926      2.8275615256089415E-4
30                       0                        0.2788116310436231       0.0012271216624615258    -0.10045092126374128     -1.812914932757474E-4    0.17946945487644878      8.496489350913174E-5
30                       10                       0.27145914118622677      0.008417588491785633     -0.10572168432797303     -0.009280207610896759    0.17714760689121078      -0.022501766302653662
30                       20                       0.2590419573608006       0.02923125984773416      -0.10021807023400574     -0.015677516826389255    0.1723813828707576       -0.04635379674863922
30                       30                       0.2252358357729123       0.041636844195919245     -0.09380080352496278     -0.021702712092597526    0.16597572822854462      -0.06777025095752627
30                       40                       0.2057132914208665       0.051275981028623206     -0.07602418116599546     -0.023770524152081748    0.1547759505629043       -0.08849046134291298
30                       50                       0.16062418126545036      0.054944273195935686     -0.04990757128357115     -0.023780749283195644    0.14216898625710925      -0.10489741616893496
30                       60                       0.11795584719882757      0.05059726461322363      -0.04008581179018955     -0.02114674887030264     0.1340400277893574       -0.11949614670106357
30                       70                       0.09041077577390132      0.04184159037021458      -0.02118418052194527     -0.014613168301190999    0.12758302775115918      -0.12975615967855755
30                       80                       0.05934359083287929      0.054999850704392964     -0.00539509443158789     -0.006380846019329495    0.1226514989244163       -0.13504108733291248
30                       90                       0.01655470907078661      0.06556065231004073      0.021262838937019697     0.0019060442688446713    0.11579201065989718      -0.1355764127989802
30                       100                      -0.017468784738198774    0.04996584756234997      -0.014757729448846558    0.011307817173955258     0.1249310734987647       -0.13480263792032418
30                       110                      -0.046302155232001346    0.04182353622854444      -0.010768397175350879    0.01673056776140047      0.1323599855527263       -0.1301830699398274
30                       120                      -0.09010797849061586     0.046007769152083086     -0.022636935921441125    0.02321373577136757      0.13920269660770804      -0.11827220695495441
30                       130                      -0.14530412995934633     0.04665089762951299      -0.03583914379363174     0.0262599448420898       0.150016285428895        -0.10433897107945946
30                       140                      -0.17218486212443104     0.040768014944479285     -0.059869248048458654    0.02604610389190437      0.15996443574573554      -0.08675261554604291
30                       150                      -0.19094062759585598     0.03298854036739696      -0.0777240896340041      0.021938355881584316     0.16912606040509678      -0.06730582847137918
30                       160                      -0.23127476078419937     0.020929359236246756     -0.08904521469355267     0.017006717864577327     0.1803351156565222       -0.046553990475866024
30                       170                      -0.2373936176022587      0.015308061289095433     -0.09153705422850185     0.009479627447737487     0.18504060197454644      -0.024382701880323827
30                       180                      -0.259350005075521       -0.010113382863568545    -0.08782232048360099     -0.0025958020170941706   0.18771973113765644      -0.0024767668403420607
40                       0                        0.25651348363985066      0.0031812938625629438    0.11577173791871602      1.7346032138663644E-4    0.07575270607606757      -4.5843745257006756E-5
40                       10                       0.26128054108154614      0.014924455514681566     0.1229840151123171       0.0011331507362743048    0.0747162658521986       -0.02849901376309387
40                       20                       0.23507228253836795      0.022854363237056002     0.09242418934910661      0.0022964017031847977    0.07428716991681628      -0.0546578784789452
40                       30                       0.23155440869475677      0.026649180460125994     0.08772155702373535      0.002116457450779253     0.0737059467135075       -0.08040118955969855
40                       40                       0.20086820993675886      0.03495751515600376      0.04798039486000866      0.004664960594712291     0.07122937218944057      -0.10268707756104048
40                       50                       0.16445244285085683      0.050037090475528914     0.02317081679970076      0.0026575376249165592    0.06895151495947212      -0.12202333657737094
40                       60                       0.1268607351435518       0.057083817275487454     0.021903708380681938     0.005461997084031196     0.06690894162233359      -0.13827741935913954
40                       70                       0.09099376021109407      0.059800579403289235     0.017004391703212187     0.002213605439104712     0.06632197849729315      -0.14756088221862146
40                       80                       0.05734044623379701      0.06558623274987677      -0.004745704544730699    0.002086688445471895     0.0664841368032873       -0.1529098032045255
40                       90                       0.008180231487782838     0.055991514147017835     -0.01649186590838716     3.4599440737795675E-4    0.07115663770767348      -0.1578806114345626
40                       100                      -0.03487810450325032     0.05040901537682926      -0.007208451959431133    0.0013439920173519706    0.0717255577131112       -0.1538780787954351
40                       110                      -0.0576286627286072      0.045927239411237816     0.005854519263998461     -9.144103001385072E-4    0.07217557938761641      -0.14766407913729324
40                       120                      -0.11454863357810907     0.03919037061023696      0.028318532503498698     -8.825142524832411E-4    0.07502904781864536      -0.13726767834397346
40                       130                      -0.14884567295835252     0.036272750290440706     0.025476479683416153     -0.0014043245966838167   0.07694165129759187      -0.12155903941898553
40                       140                      -0.19587085904549376     0.03510921753589655      0.07199217953626386      -0.002790860575440708    0.08116460800833554      -0.10321396068531626
40                       150                      -0.22397323968208993     0.026428144190772544     0.103255588268403        -0.001475324521390303    0.07785378117179421      -0.080729039530353
40                       160                      -0.2309673683689778      0.0074755094642492935    0.12813313410487218      -0.001969032836390435    0.07910652352115151      -0.055537498567535384
40                       170                      -0.24804352596530688     0.015410530331012223     0.12316276056824876      -2.516746446199074E-4    0.08175629904570117      -0.02748867344815157
40                       180                      -0.2281220363256598      8.873060830772101E-4     0.1332937019491065       -0.001244544617077395    0.08113021336948824      -7.541720105874665E-4
50                       0                        0.23163166119976838      -3.621803080194196E-4    0.4263778941479792       8.874158772126683E-4     -0.04925495505527146     -6.388825159347813E-5
50                       10                       0.20664263848769432      -0.004109969978027791    0.4015143339875056       0.012432001939863938     -0.046629291287910726    -0.030497331133012166
50                       20                       0.2022534240931808       0.009317743765476309     0.34364751662969834      0.023428682197386363     -0.04184328136880037     -0.05858700849053241
50                       30                       0.18740782635756673      8.975201331547439E-5     0.29937242349020604      0.029850333602119247     -0.03286859151279704     -0.08453619247470433
50                       40                       0.1811871330429134       0.025135215001792877     0.24530684267180297      0.03226313927224451      -0.020686317263227224    -0.10589745946794545
50                       50                       0.1414641780966353       0.01744459689113051      0.16412937621973245      0.03410087810961512      -0.011194189741530148    -0.12561962170565527
50                       60                       0.10880446223823992      0.03046897575881547      0.0743260811363366       0.029638942152067946     -0.0018365059739051583   -0.13865359444785436
50                       70                       0.07939006431264395      0.04565334181737787      0.03821146225064096      0.02097822071798767      0.004065637779045472     -0.14688154137503892
50                       80                       0.04533108638948668      0.05594526747487142      0.012032107997473401     0.012591781701483527     0.012771561981591384     -0.15463888554203958
50                       90                       0.0064669993293898585    0.05662489796549061      0.003943532424783801     9.354945753421373E-4     0.012610809310236783     -0.1566572476970871
50                       100                      -0.03706229962089031     0.04798246340698478      -5.94596475362412E-4     -0.008075296731026114    0.01596267709361757      -0.1571109497592654
50                       110                      -0.07263664888889833     0.044073412524396595     0.04455989642415245      -0.018150485697252146    0.01004215617059533      -0.1490173724289453
50                       120                      -0.1050075144825977      0.028549952156949422     0.09656352963990958      -0.025840760124080764    0.0031110422418942118    -0.13841089638452309
50                       130                      -0.15099499425817672     0.02309964084644734      0.17551826547999472      -0.030903924524311406    -0.008084150752409272    -0.1237787500648676
50                       140                      -0.15403546246134445     0.016477303884109694     0.2475900512621195       -0.03045280230495287     -0.015661217798686095    -0.10627986682971438
50                       150                      -0.18800439092131652     0.009282168622384897     0.2913201986597493       -0.02906058636074652     -0.02282548731443259     -0.08511624089972199
50                       160                      -0.22926442408081904     0.004846374478704324     0.36397030709798095      -0.02168261654234973     -0.03380257019192974     -0.05934563041845485
50                       170                      -0.2280869178768044      -0.00557949228532425     0.41255567735063636      -0.010340491573577523    -0.04138050777334809     -0.030089878402127224
50                       180                      -0.22776668375776749     0.0015391841018939185    0.43810727557641943      -3.355795288716532E-4    -0.0485485423070785      1.860866593926655E-4
60                       0                        0.14614273341580544      -9.642525707820261E-4    0.793376938247664        -6.785518109192662E-4    -0.19089043030867606     2.5728866125255406E-4
60                       10                       0.13589577379164158      -0.030387016221396387    0.7846441733641802       0.024964110838157028     -0.18064113537230506     -0.029815440880396653
60                       20                       0.1602391624258543       -0.01333959089969497     0.6839078860492276       0.04606604916282795      -0.16582551241638005     -0.0560035973476072
60                       30                       0.12421960869885913      -0.027094619867194192    0.5534933567709928       0.05856279093266888      -0.141363528090419       -0.07833021955115665
60                       40                       0.12658547781384         -0.012399507983075455    0.4277357656191841       0.0652537548321725       -0.1156396888989144      -0.09841399413224497
60                       50                       0.11976898237176425      -2.1005438282006503E-4   0.30635090465310927      0.0615759011766187       -0.0938058074362407      -0.11280984965954421
60                       60                       0.0847960843677136       0.01592995649810324      0.14873489861023131      0.0555010630607488       -0.07007659876181231     -0.12496986594014627
60                       70                       0.06591032149606856      0.019413949305815432     0.08810485570160638      0.039630282709759934     -0.050570380560426       -0.1321053462224496
60                       80                       0.04298550458493744      0.03302106449560477      0.020744812637963905     0.02207780225157102      -0.03905275301156575     -0.13716226002365856
60                       90                       0.002306227810525467     0.043813463209791445     0.0066590666962981476    8.053332782218555E-4     -0.03908548213830832     -0.1366986240592717
60                       100                      -0.03259960698319229     0.05174247639890059      0.02306164310982296      -0.01764073082805934     -0.03951458086125528     -0.13636663608537064
60                       110                      -0.06616649707074412     0.0412762632944626       0.06926998205360105      -0.03720987231844802     -0.04963571798083628     -0.1325861076904951
60                       120                      -0.10162056642533715     0.03393776667902528      0.15301520137371036      -0.049426991034485925    -0.06771281104377724     -0.12241625070982326
60                       130                      -0.12651127090676523     0.012558367032694747     0.2754078255177114       -0.06018654004721976     -0.08770270539095501     -0.11233753216606746
60                       140                      -0.12780389038993317     -0.00882706300487715     0.4005811914194831       -0.063288221725096       -0.10957551246497255     -0.09993963745907901
60                       150                      -0.17004767334631377     -0.009633367468631394    0.5632537623515547       -0.05629766465256532     -0.13526404655744667     -0.07966961587134304
60                       160                      -0.18050153115346246     -7.308337275132435E-4    0.6709391194760657       -0.04445124614190876     -0.15712228622091354     -0.055541658067277115
60                       170                      -0.20781739520692152     -0.004431774895074355    0.759260350154979        -0.023882794700465157    -0.17657607934020225     -0.028144276080089722
60                       180                      -0.21292541469743118     9.755027943509076E-4     0.7968842268710186       1.0208533445946037E-4    -0.17975244110524696     5.026066337165157E-4
70                       0                        0.10882122157984672      0.004942851461425061     1.2465257787927968       -7.07189902142057E-4     -0.32812951403810947     6.083658261212016E-4
70                       10                       0.12241306224782011      -0.016445630100369767    1.1853013816905564       0.037254976093026866     -0.31677852051568733     -0.02538723881863478
70                       20                       0.08772330983311356      -0.03463470428901792     1.0314175760122195       0.06808190710393561      -0.28566164350374385     -0.04456767649425337
70                       30                       0.07352285939327942      -0.03904038210010961     0.8156573347281718       0.08566895176934407      -0.242167887667559       -0.061599653639413096
70                       40                       0.0737129390108785       -0.015742575318991602    0.5964364449915845       0.09403878724061245      -0.2017709029852255      -0.07485748607142191
70                       50                       0.0676804461898912       -0.008953747565995753    0.4181511964219939       0.0871563181821191       -0.15907041036136757     -0.0851083368741527
70                       60                       0.050292550236131696     0.009117396138090848     0.24895288820677589      0.07352381639471096      -0.1253379971605271      -0.09263687494921122
70                       70                       0.03962265609062964      0.01284792713261157      0.1141659265127104       0.05230858086897139      -0.09969529725647865     -0.098449694728455
70                       80                       0.020915948481780827     0.02802510554807014      0.020266997329121853     0.028976473024658896     -0.0849725300823768      -0.10266257762036529
70                       90                       -0.012061157977202974    0.03431524176450564      -0.0015467600097665262   -1.6399443828735486E-4   -0.08060168192456774     -0.10197702149695215
70                       100                      -0.020813503258244475    0.027888871681718833     0.027868670493952835     -0.024345572468182478    -0.08405638027326115     -0.10130903425398781
70                       110                      -0.044856672306711344    0.02178765611359281      0.11124100093237684      -0.04985563571633038     -0.09991878500757889     -0.09708809518040265
70                       120                      -0.07964545379365089     0.008897873588980674     0.24650755844795835      -0.07063703278289549     -0.12435100642672038     -0.09267893918268243
70                       130                      -0.08925534427287643     -0.002743985418837085    0.41233271532643423      -0.08339056826121599     -0.15603067002357124     -0.08504999963769297
70                       140                      -0.10891702040323153     -0.02189171240399848     0.5952669093637103       -0.08909774509344749     -0.1927368464562083      -0.0752671500075855
70                       150                      -0.1334587310965929      -0.018620404099866854    0.8165595228731908       -0.08408779435390423     -0.23800714277213056     -0.06311012054394935
70                       160                      -0.14577389556841597     -0.02019269799268651     1.0247739209162452       -0.0656273454218307      -0.2798385119415099      -0.04501736713108835
70                       170                      -0.17647339234831685     -0.017369372954116884    1.1628505606031831       -0.037244553052160484    -0.30952558031254535     -0.02474021715646694
70                       180                      -0.1922772944474851      -0.006091475715337401    1.2508180554225699       -1.8206598898153417E-4   -0.32535808702485364     0.0013193491589093853
80                       0                        0.17232497354860332      3.3306157413074983E-4    1.6136462857945433       2.905490877895605E-4     -0.44943828903946936     0.0010573390970018014
80                       10                       0.15364417080961568      -0.00590902229271452     1.5521470696276682       0.04863828210235063      -0.42689272301712494     -0.01620024536554959
80                       20                       0.06974989110114439      -0.018717144550178658    1.257292853819266        0.08299781914735364      -0.3707005273577078      -0.026385923325431167
80                       30                       0.031011872569475744     -0.033399687532908603    1.0318785790529186       0.10555311605532862      -0.3180772754315329      -0.034838112392239114
80                       40                       0.03954271577338076      -0.027927091293871466    0.7605788438515014       0.11197447013070289      -0.25985741982576627     -0.04344633771804464
80                       50                       0.0378616419165764       -0.02032636299873082     0.5022286024442643       0.10437695599959067      -0.20784239508602198     -0.04651236261770536
80                       60                       0.01720255242708331      -0.005346277159891986    0.29550947967236574      0.08670718964622397      -0.16281660794401429     -0.04991326132273929
80                       70                       0.03266591223374538      -0.0018214312889040067   0.13465921431718697      0.06321759854132465      -0.13256327826242492     -0.052924794474575064
80                       80                       -0.0053711971804515715   0.010775121221762482     0.0334737833913222       0.032785932702066846     -0.11185927493069606     -0.05352616891657952
80                       90                       -0.014785740092142459    0.017798421371588845     6.630483397823583E-4     1.783766060450484E-4     -0.10727800598120213     -0.05370315219269682
80                       100                      -0.01447308741284726     0.02025600124655435      0.006914182723844073     -0.03216713700472224     -0.1124160678520825      -0.055339125503434825
80                       110                      -0.04217817465241267     0.011912877683385878     0.13365133546393893      -0.06050824418237706     -0.12948286220516575     -0.05353909651857989
80                       120                      -0.04497222668395848     0.0037456933089590545    0.2828517993226921       -0.0849530977991514      -0.1614224751377992      -0.04960263926446778
80                       130                      -0.054464400205517516    -0.003267844295098868    0.4889232498530946       -0.10438226182969812     -0.20494643114150893     -0.04711667027791964
80                       140                      -0.06467158269401467     -0.005343787606561894    0.7330525776006489       -0.10829602860681321     -0.2544167955147689      -0.04187809627342772
80                       150                      -0.0717189541622923      0.0033327770752641477    1.0198789171352907       -0.10379280288838051     -0.3157459754076682      -0.03498760361663866
80                       160                      -0.08022619173787064     -0.007402239955634254    1.2848107090209715       -0.08424829064168164     -0.3778700876369608      -0.02505610794367053
80                       170                      -0.15581777055351612     -0.006528189389516648    1.4869862573682724       -0.050460006738545705    -0.4200514379026154      -0.016631915945845
80                       180                      -0.19662497449698607     0.007321943413653503     1.6054016611238915       4.22766546189782E-4      -0.44683190789541644     5.121414803308983E-4
90                       0                        0.016680783020530228     0.013258280108550765     1.7609046652043014       -2.1363309367542372E-5   -0.49800827466986924     0.0033528463034017803
90                       10                       0.01223983874364918      -0.00652868753227079     1.6712282385500097       0.05036614179941661      -0.4745307342529078      -0.0026616190631271073
90                       20                       -0.02388599947413328     2.3508508618052225E-4    1.4179071277415884       0.0910253610108779       -0.4164296427966631      -9.444669474561808E-4
90                       30                       -0.012266923634007722    -0.01148451595719345     1.0902941319768582       0.11201355851737335      -0.3460023589115142      -0.0010830620040821457
90                       40                       -0.025236025127929176    -0.0025966668117611445   0.7867163056695305       0.11966640274177104      -0.2784793419531501      4.852397477345563E-4
90                       50                       -0.03515534924474424     7.93691588817961E-4      0.5194432676243333       0.11024206670201946      -0.2235476457703794      0.0022169394576019427
90                       60                       -0.014980624782890996    -0.008783620028337274    0.32413002905799965      0.09139058424421782      -0.17713831917196593     4.7086243911622315E-4
90                       70                       4.6633490387976324E-4    -0.0035958025520681156   0.13754174481435216      0.06687908510910813      -0.14435319101901914     5.8898555712283E-4
90                       80                       -0.010927815605254677    -0.0038562096210940085   0.033458910789277166     0.03308879944612939      -0.12352996065609148     9.911277150050257E-4
90                       90                       0.004212162628301439     7.636761871965309E-4     -0.012648787098254129    6.799944159321736E-4     -0.11688137815680676     -1.4507653039929675E-4
90                       100                      -0.015722353427874213    -0.0018682627211289637   0.01587057399675218      -0.033862414215104046    -0.1224741611464304      -3.468345516237409E-4
90                       110                      -0.011876619072064986    0.0074945631883167815    0.1382529023229127       -0.06612369613080989     -0.14378122254050074     6.51045753761163E-4
90                       120                      -0.01927756784941104     0.00534396789635391      0.2930183623312435       -0.08921298762196375     -0.17636333362952197     -2.751170139819532E-4
90                       130                      -0.033581094472922166    0.013277444786440957     0.5376800525467189       -0.10887259348687467     -0.22261982887592405     -0.0016217691091209969
90                       140                      -0.01682255164100041     0.01036970511392857      0.8064708105724436       -0.11617603686381552     -0.2767939796498894      -7.805873023088174E-4
90                       150                      -0.015489327910309127    0.010504416595187728     1.1355828246249304       -0.11126961401122333     -0.34359398287845067     7.049074440138477E-4
90                       160                      0.04412353311879536      0.0030140115523553113    1.4037761573887293       -0.09202748206763853     -0.41868605737646253     0.002633145259344757
90                       170                      -0.04743848179267125     0.008747402520219466     1.66141329693275         -0.05232010496399656     -0.47062260897628855     3.2209551645969863E-4
90                       180                      0.0015444099416828368    0.01194214863726795      1.754573352326913        -3.536439844730463E-5    -0.4967485080994609      0.0017908538194644406
100                      0                        -0.20059946736526463     0.008209381722034411     1.5910932776818847       7.331501460799058E-5     -0.4416281925119519      0.0012421233256054488
100                      10                       -0.1419052138606101      0.002521179033570415     1.5164111327556462       0.048096813018383054     -0.41936808694285244     0.014690832481352984
100                      20                       -0.1441681849091536      -0.0011788253682915987   1.2894530288252841       0.08240572072223235      -0.37493384739659        0.025460920731849985
100                      30                       -0.11418168009640299     0.010095821628374519     1.0228658868933045       0.10396764888684241      -0.3132332873877709      0.03763923309047838
100                      40                       -0.07982562668049956     0.004307044282060127     0.7536124414942186       0.11171777646645197      -0.2611511764588233      0.04260130496825339
100                      50                       -0.057490257884063006    -4.8558060075321995E-4   0.4796075095940942       0.10347700059871241      -0.20539435401435194     0.04763584627270564
100                      60                       -0.04009604944981099     -3.266752458590881E-4    0.27539704855009595      0.08527185308937929      -0.16219003097273885     0.050465730345399515
100                      70                       -0.03198784911397628     -0.007469336335621949    0.10360800061792821      0.06183889794309541      -0.1327185931842641      0.053317087299894955
100                      80                       -0.02489987797765922     -0.01903800649584625     0.02988298956243348      0.031903856241576406     -0.11336150643510516     0.05501256705367527
100                      90                       -0.013172152900470354    -0.014574356649116913    0.00678477020807617      -4.418523742778885E-4    -0.10386315258958415     0.05489989937650459
100                      100                      0.005329290353644834     -0.018440989599237748    0.025486407584686337     -0.030665301774787854    -0.11245753160466863     0.053463053221209283
100                      110                      0.022466959467107167     0.001142503511571994     0.1471348143087167       -0.06291928635657189     -0.13304619029476306     0.051912014088706784
100                      120                      0.01801333493907621      0.009113240951129717     0.3015459960540633       -0.08457438938622895     -0.1628819068468619      0.04919602480805526
100                      130                      0.014760094678132411     0.01069469181972368      0.49563360632274034      -0.10481378782450732     -0.207800409752243       0.04756892177666524
100                      140                      0.035223552395829354     0.022050736182816347     0.7623466390733887       -0.11039637294923828     -0.25848133639129606     0.04064775293841747
100                      150                      0.034366022395154995     0.026281426353622413     1.006518538598943        -0.10412680633875226     -0.31467013016407797     0.03394348912522738
100                      160                      0.08102905749907761      0.023691805956386352     1.2783600570659543       -0.08413600290521839     -0.37561606051032487     0.026297947183314383
100                      170                      0.07644531506589984      0.026800665990506928     1.5277748022105286       -0.048046115270349174    -0.4250819747721688      0.01693613485985071
100                      180                      0.17350914212020158      -0.005618838376549418    1.6147876593531685       6.066212440728623E-4     -0.4471670425226129      4.580320590512878E-4
110                      0                        -0.18525818523634258     -0.007463004963327298    1.2345033769516138       4.03710179076042E-4      -0.323770749627223       0.0011915754464054355
110                      10                       -0.17866014928560878     3.032385311906128E-4     1.1773420904511969       0.03655413139965075      -0.31779008854081664     0.023124643944873166
110                      20                       -0.16795708515722965     0.016731866664150698     1.0150904796717497       0.06831024328632923      -0.28049464881301456     0.046416684076899466
110                      30                       -0.11490076199440365     0.013635230473497385     0.8019355079301956       0.08378898331724287      -0.23974425526105103     0.061966337727117585
110                      40                       -0.11320729923711756     0.0243037307931877       0.6088090392019321       0.09131494150809681      -0.19576272300580264     0.07725112200566626
110                      50                       -0.11747224215045832     0.0010187011992729231    0.39656468125146943      0.0820315231945858       -0.15356785280345686     0.08554864908224839
110                      60                       -0.08406658927434872     -0.025465074703585326    0.21229793503640002      0.07079040514954896      -0.12618492587710436     0.0923584032877673
110                      70                       -0.056702560910877345    -0.025694372038686367    0.08837709572043403      0.04969462674280864      -0.10129574162399825     0.09806255704629079
110                      80                       -0.02444926043348123     -0.03074340948599423     0.04673978158120744      0.026591697870860208     -0.0843666007226799      0.10219357370695244
110                      90                       2.267774838669058E-4     -0.0227656555817208      -0.012101015607297545    -0.0023423711104077365   -0.0779068481324805      0.10179267288045687
110                      100                      0.022131510950355548     -0.027732083369671284    0.01604818836463576      -0.02881342550998741     -0.08482569506150928     0.1012018162654801
110                      110                      0.04744669439475434      -0.01916367296882678     0.10518944511078705      -0.05431903949088439     -0.10235778147913371     0.09814727162884683
110                      120                      0.054872150720708765     -0.006785101019982887    0.2321650791210874       -0.07394200437691284     -0.1275076727142041      0.09253526427205849
110                      130                      0.07498498555469549      0.005884824301076877     0.4134848196898427       -0.08715114944227113     -0.16082129907377862     0.08499779554900978
110                      140                      0.07489425384044292      0.028578438211755625     0.6085122565289874       -0.0919814091610871      -0.20086742997847        0.07510864710426106
110                      150                      0.09284764796693294      0.03232588071189627      0.8270654090920029       -0.08669409927711409     -0.2449560558479721      0.0615043115383149
110                      160                      0.0771217778139418       0.025192694228970563     1.0368561770912441       -0.0676599188013697      -0.28526053058553885     0.045167655044542745
110                      170                      0.08350286105967239      0.01062685094141695      1.1689465803174095       -0.036610751870919236    -0.32050185677472737     0.022204610670715767
110                      180                      0.10854626643733681      0.0024631019817883317    1.2480952473764995       -6.947001745375075E-4    -0.3289599557896064      4.6171021561554684E-4
120                      0                        -0.19261928477608786     -0.002677918446031494    0.8071761821384787       -2.4049031367196503E-4   -0.1797735453331341      6.463817858022208E-4
120                      10                       -0.22256018896756272     0.009224237462140916     0.7852730038641378       0.0238420472402147       -0.17556890635785632     0.029247286287371766
120                      20                       -0.19394005408493983     0.021675379158840616     0.6854132492983818       0.04535612246293341      -0.15695782641347375     0.056915975120480834
120                      30                       -0.15381476433732447     0.004565943406718704     0.5534899348207768       0.05724103699627891      -0.13717586310735572     0.07833161223321754
120                      40                       -0.15167176778959116     0.0038204971870801473    0.42238295573446666      0.062136128856438586     -0.1093019868449468      0.0977762922252326
120                      50                       -0.12017187427987519     -0.007099221134117166    0.27275716204666395      0.05981807722639279      -0.08665268290174377     0.11244586718754458
120                      60                       -0.0943921356183447      -0.018612422146459646    0.1735953289009171       0.04920791409258932      -0.0658152068444423      0.12484623049833331
120                      70                       -0.07842285671534968     -0.040029634959980055    0.0764449511364685       0.03629049164809394      -0.04999596497592284     0.13239886780814653
120                      80                       -0.0368116312350067      -0.0392849785510897      0.020605442178119347     0.019081143204671518     -0.039969587590873726    0.1371687108274455
120                      90                       0.004562502133261077     -0.04497129154906353     -0.014666401822830924    -0.0010354139877897604   -0.03521880315297216     0.13860245511729852
120                      100                      0.044311285060937386     -0.040471289786014185    0.013722553942084773     -0.020733050266284712    -0.03971914198668855     0.13715929865698398
120                      110                      0.08107528322689936      -0.036288175486725215    0.06883774777681921      -0.03859810058428095     -0.05265315182172648     0.13129740046186572
120                      120                      0.098567280382327        -0.0051342530690748275   0.16154618809007285      -0.05159211495083287     -0.06937194974289865     0.1231049181105231
120                      130                      0.09457813198182315      9.85773671626962E-4      0.2974501660443999       -0.06325957518410406     -0.09091150609424753     0.11263455683320903
120                      140                      0.1313110750689962       0.004951823103213023     0.39726272072599567      -0.06396568183067827     -0.11527679923782266     0.09599233700491484
120                      150                      0.1512342683096307       0.016604105628434417     0.5684834215697668       -0.05971213402256095     -0.1418040907133955      0.07937413996474972
120                      160                      0.1455368727921907       0.02202261086971382      0.6914178996701822       -0.04577446444276695     -0.16730199456864728     0.05543633640797661
120                      170                      0.15727152516782913      0.013839446552683        0.7696706467674365       -0.02348365969272583     -0.17972418527305903     0.02911316194915499
120                      180                      0.15464023995336845      -0.010979496346158222    0.7883831442521666       -8.1138442230146E-4      -0.18876511784233915     7.812667142963307E-4
130                      0                        -0.2344610849077594      -0.007765893468715207    0.43668491148327443      -3.6621819389537997E-4   -0.04528496876728918     -8.765686647050487E-4
130                      10                       -0.24693352910441468     -0.004508865337791733    0.41168318103175244      0.0122287203235751       -0.04085664097865559     0.02958599314843534
130                      20                       -0.21386858328413058     -2.016636521403074E-4    0.38778148220063474      0.0216215780229204       -0.036625417042739264    0.058517715478926834
130                      30                       -0.20579468226540878     -0.0093794979292822      0.2893301880640076       0.028404508631858272     -0.024636304552101466    0.08552848894260241
130                      40                       -0.18040737223247746     -0.013419561015181611    0.2314410570178316       0.031178098842266258     -0.01524852348867499     0.10722576745063425
130                      50                       -0.15515706508997767     -0.020941112655702185    0.14778457335656922      0.029735171591470013     -0.005347889354520459    0.12491447267663808
130                      60                       -0.10352366611147512     -0.03470738942755616     0.08458916246167915      0.024125406709534964     0.0020245664962514056    0.13759703120981126
130                      70                       -0.06332384017141829     -0.04394094415699533     0.033561127515269754     0.017974777391062853     0.01120960574916224      0.14862263901275918
130                      80                       -0.03226421455101863     -0.05099524513877547     0.019169197318009732     0.008258278626194973     0.011027973244529107     0.15327733597488957
130                      90                       0.0100883620856466       -0.05267586849969168     0.0015111677147682315    -0.0010020190842559976   0.014965763273479017     0.15727208379813243
130                      100                      0.04110015299945828      -0.040526504882648834    0.017826228401767535     -0.01168089363759345     0.01395856114413766      0.15787812888572988
130                      110                      0.08691139094988369      -0.042823796426091576    0.039653618536434024     -0.023017785509845685    0.008236773018016173     0.1491315551655952
130                      120                      0.12498203930892202      -0.019829573400948736    0.07435733968587466      -0.028816109471805785    0.001592454110856661     0.13982704454668102
130                      130                      0.14930885932853888      -0.01332462502761084     0.15348286220755253      -0.03460486246943657     -0.008978245441163461    0.12585696295355497
130                      140                      0.15837609551179577      -0.012168393412248677    0.24175835277605734      -0.03431288991736308     -0.021432862614437283    0.10706954241233733
130                      150                      0.18136490008354766      -0.00455255323959265     0.2993773878420556       -0.02990985857961579     -0.03353415806550909     0.083319390697348
130                      160                      0.19452696765907404      0.00511220241142298      0.3723330746236093       -0.021295848170344425    -0.04062486788944693     0.05753111732283444
130                      170                      0.2234696958298801       0.007237112250898478     0.4159238677195017       -0.013087696748881742    -0.0476860295786914      0.03128458642195194
130                      180                      0.2046786918660517       -0.0012707832325547803   0.4062673206839496       2.692016780426248E-4     -0.04522320535226141     -1.77415531355793E-4
140                      0                        -0.24313435908694747     -6.150177936769903E-4    0.1287070612007947       -0.0020701836411431036   0.08119991350830534      -0.0012682914124398214
140                      10                       -0.22673202208805776     -0.011591928075091415    0.1254060488743958       8.030812233356854E-4     0.08064178801052324      0.028106475900362925
140                      20                       -0.23069199596805595     -0.011056067536516653    0.11997019070870564      0.001487195639458119     0.07973016259814876      0.0559417915363735
140                      30                       -0.2042226704430068      -0.0212421310723259      0.06114065122847534      1.558572356979975E-4     0.08213132274024786      0.07998508273590156
140                      40                       -0.17410001635715655     -0.02754519431964276     0.05493163395151064      0.0012152765760045378    0.08027298913772868      0.10398078628128905
140                      50                       -0.15550598307352703     -0.048308678542973583    0.040829645644365774     -0.0018217747586896436   0.07209168906064368      0.12044530957073424
140                      60                       -0.12043530106192948     -0.037589877862535724    0.03210839088834572      -1.5156828611208805E-4   0.07657611276669479      0.1372116874512733
140                      70                       -0.0628223120534831      -0.05029278218410398     0.018246366029624966     -0.0013786319540642475   0.06995333964411263      0.14712563331656145
140                      80                       -0.030415254293078637    -0.048751691463513186    0.011093975158114985     -3.6159908711968857E-4   0.06930147824182588      0.15495150229235527
140                      90                       0.017342617697063252     -0.05593579300213726     -0.020229538326491703    -0.0023163962980521217   0.07276403500866138      0.15723918272303547
140                      100                      0.03674063361798377      -0.05768543148956433     0.0020114883567641326    -0.0040774048246411945   0.06942105273696716      0.15540656490319282
140                      110                      0.08272930886237743      -0.05221283404915356     0.01317723151462472      -0.003158372655110106    0.07020068146443725      0.14900962627953668
140                      120                      0.1376581781378799       -0.04513535250491514     0.020643962410053326     -0.002341475881492772    0.07052340631344953      0.13648736753394897
140                      130                      0.17748872964381648      -0.05216788874005212     0.048275795495473624     -0.004455348740491494    0.07134145332338983      0.12350978015991472
140                      140                      0.19702465703464078      -0.02984136555164197     0.07009863286979963      -0.00314864765307943     0.07311947047875585      0.10195535259924084
140                      150                      0.21367473860473735      -0.030040502208652613    0.08069044119997891      -3.963228534772074E-4    0.0738108817893151       0.07993955130435611
140                      160                      0.2430968009326044       -0.018207911432164797    0.10891753929514535      -0.0011827077879252004   0.07422421085981962      0.054909408298398237
140                      170                      0.2521753855084697       -0.011191906282829435    0.11342722302528446      -0.001784475929673387    0.07407118393505187      0.028740566385782373
140                      180                      0.26253962404395237      0.0030025813780932948    0.10348388259679335      5.385174283300485E-4     0.07543644547307198      4.5193902178570757E-4
150                      0                        -0.24893564118469727     -0.0025062821267865035   -0.08392835574976766     -0.0016528735029195636   0.18754788466295239      -0.001962757619647243
150                      10                       -0.23220503061613815     -0.008067387549973208    -0.0992445550340201      -0.0072445527553062885   0.18115424678894562      0.023784429035434675
150                      20                       -0.20599821561069706     -0.0202060317552145      -0.09802680613408646     -0.015806944148449506    0.17892820251486397      0.04626642253766813
150                      30                       -0.19129624212147167     -0.03232657095749045     -0.0749697996505241      -0.022852851064456253    0.16541325649978647      0.06700404466638103
150                      40                       -0.16673127580667102     -0.04525521304943871     -0.07449177634160689     -0.027018759908747733    0.1583236034323814       0.0863505263223362
150                      50                       -0.13180839851816642     -0.04350459075514587     -0.03781938438778205     -0.026159745010426866    0.14643590851282667      0.10401072267250482
150                      60                       -0.08768568131111222     -0.05008965480196231     -0.028555166622288138    -0.023782733313391754    0.13683612992181785      0.11732004987511337
150                      70                       -0.06713658027189787     -0.049007158661381695    -0.013025702869616483    -0.01863955719762092     0.12971512218133396      0.12889713599945146
150                      80                       -0.02121831762558321     -0.044378648761729075    0.0022917356458096137    -0.0094523965979815      0.122360980681229        0.13568149095574206
150                      90                       0.0043580859536054084    -0.044965059870662336    0.013368067629303319     -9.833755398848416E-4    0.12312074950055775      0.137140919870496
150                      100                      0.0406355257925533       -0.05801889763857487     0.0023934144054079667    0.005379342906142089     0.12523224084316872      0.1376565696501428
150                      110                      0.08590348541467503      -0.045637775102336034    0.003604701671266081     0.015813018963241856     0.12746797643267685      0.129470593327825
150                      120                      0.12453936218003399      -0.06232012543614017     -0.008766471715548223    0.02166582314064612      0.13652010627911015      0.11919667743068178
150                      130                      0.16894361000235858      -0.06352303900032884     -0.044846372605481195    0.024433190295046182     0.1430701238404896       0.10584339223306272
150                      140                      0.1955396162496873       -0.04900133165532323     -0.04679038381634702     0.0235931885775208       0.15353531316686161      0.08839311548304868
150                      150                      0.24435777932834035      -0.04098617345671381     -0.07831234474581206     0.021468235598088192     0.16194547373833004      0.06779232622175613
150                      160                      0.271934421738727        -0.041401217228310076    -0.07241110933232561     0.01633764587821735      0.16998679285027293      0.04683481082561517
150                      170                      0.28262505593849746      -0.01599811166090993     -0.10235925225157208     0.00804585723279043      0.17856927557536106      0.02333755685152617
150                      180                      0.2737201765727805       4.511723556535061E-4     -0.101028628284674       7.399327833607655E-5     0.17835109584480222      -3.87522785756305E-5
160                      0                        -0.18605357868435318     0.003491577059620286     -0.22600052248028984     -4.4565140608053615E-4   0.2614020690157399       -1.2929683717077453E-4
160                      10                       -0.16563007628134888     -0.012864325329156628    -0.22475604022400406     -0.016484316906383044    0.2587539250310749       0.016221559348063266
160                      20                       -0.16798359523604234     -0.017850797842415382    -0.2081844197101987      -0.031061608880724043    0.24981456333466875      0.03232979777077885
160                      30                       -0.14494670067150595     -0.039650993946619986    -0.17859488097978835     -0.041190875735818845    0.23496295248534818      0.04698610303248169
160                      40                       -0.12145326353278264     -0.03477219466830085     -0.14157804417408376     -0.04504056421307928     0.22179280101291524      0.06332005734842566
160                      50                       -0.09503750660206575     -0.035101257603361       -0.10791406235998191     -0.04673528518814591     0.20493957783979064      0.07562922880080258
160                      60                       -0.05283167972166022     -0.031508211902215214    -0.06827958562784214     -0.0410629568383631      0.18889292068642194      0.08629670997193088
160                      70                       -0.03996822252163499     -0.03889760807984771     -0.03960366639789306     -0.03031679990499301     0.17880364651843378      0.09576349166546964
160                      80                       -0.015931770421331294    -0.03732073406889974     3.9060827392093864E-4    -0.01757461103928858     0.16560208572616816      0.10058129547440238
160                      90                       0.01607261285115369      -0.04310765713427288     -0.005583872845532918    -5.447897133867709E-4    0.16449096833840218      0.10212133098562762
160                      100                      0.03707787188353673      -0.03984398220789315     0.002045951934267566     0.014211122820494745     0.1667386234230049       0.10065314449341922
160                      110                      0.08608344378094507      -0.04114383862815651     -0.0373258742170166      0.029158065511223172     0.17588056642961208      0.09655599479070012
160                      120                      0.11193789570664113      -0.0527585966387662      -0.06168789410625572     0.03896102759768681      0.18840966602075196      0.08897868087740031
160                      130                      0.1448620330810273       -0.05643638278571981     -0.08453242683838433     0.044965506795255156     0.20513259743994855      0.07709656080577451
160                      140                      0.1595619781201585       -0.05152414831093283     -0.14755717655489614     0.043132969290585334     0.2200690039733256       0.06513992868536693
160                      150                      0.20211018790222685      -0.04276856126028676     -0.17315818804325853     0.040720097699875474     0.23359629959339612      0.04865001150486877
160                      160                      0.20953359789467865      -0.03611468090946472     -0.22910715550283678     0.028968454935225752     0.2478732835478619       0.033331298450840964
160                      170                      0.25222393991384723      -0.020779816837057336    -0.24484157465307352     0.01594697261664789      0.25430053141499465      0.015338280989258657
160                      180                      0.2472645110143507       5.722687590230158E-4     -0.242788456846852       9.87248301607224E-4      0.25594088376830726      -0.001580593818794029
170                      0                        -0.06889895346264625     -0.0012928085272058288   -0.30770957396520937     -5.408386394040441E-4    0.3089041272740574       -7.614080425845397E-4
170                      10                       -0.09008745796300638     -0.00154922731635846     -0.302001477074841       -0.019168520521686452    0.303749382441131        0.008565716423293693
170                      20                       -0.07177819905725924     -0.008780824413335372    -0.2723112923160096      -0.037950703379933344    0.29468274140355116      0.016184322894412528
170                      30                       -0.06907095457053274     -0.006377617254152292    -0.23247699312966832     -0.05121964142785825     0.27715913167934836      0.02390290870244401
170                      40                       -0.060926958436286066    -0.011328251802050018    -0.19016035192180658     -0.05964344488035156     0.26170400730674515      0.032565462257818485
170                      50                       -0.03618756644278662     -0.01655567390868654     -0.12604763173522654     -0.0606293683457872      0.23923218805080107      0.03879294235596695
170                      60                       -0.025044105741800927    -0.012523997968237565    -0.06336245800218895     -0.05382337424745018     0.22041348061395755      0.045143137264434245
170                      70                       -0.013821299840953864    -0.019550953991544565    -0.027012301785193253    -0.04031422313162892     0.20782928631977413      0.050258659507750644
170                      80                       -0.0039209075169207245   -0.020934461157624436    -0.006878025395628292    -0.021529116593764133    0.19882757747427895      0.05286816005014802
170                      90                       0.018140788522794972     -0.02938247669397853     0.014622387028775281     -7.733578730101835E-4    0.19078104327182277      0.05484471279236907
170                      100                      0.039192118254674405     -0.013336800478694337    -0.0036506223188009137   0.0190540483314836       0.19413635576794583      0.054727995696704924
170                      110                      0.047153956533197636     -0.031628799569962965    -0.03291946637044712     0.03904793073593714      0.20444088629743548      0.05080325902050293
170                      120                      0.05903840814669443      -0.03859649167159873     -0.09134108663933434     0.051431150549850535     0.22305878410557753      0.04681272835455015
170                      130                      0.08228351361992299      -0.04309054057401928     -0.12313291420455379     0.05948696458552884      0.23744804019505855      0.041341084348805165
170                      140                      0.10931932111090077      -0.046033509548777836    -0.17541552400631874     0.05856004834920918      0.25578905884383746      0.0331828334794393
170                      150                      0.12550001392233945      -0.035919975806043884    -0.2214581465331721      0.05200272033063875      0.2765884973114758       0.02531168873147103
170                      160                      0.14359344017908315      -0.02534502201147484     -0.2740823255388891      0.037745837999033784     0.29441016146560456      0.016597338083232105
170                      170                      0.1635862887202625       -0.013415132638693147    -0.308234258947635       0.020719539180599943     0.301902307168844        0.008114672436966754
170                      180                      0.16539863165376117      -9.253889431594527E-4    -0.30299147294263756     -8.991069125651427E-4    0.3041915427972004       -8.839677184280074E-4
180                      0                        0.03246192369766692      -0.002776844216281974    -0.34013277147511        2.573663285957036E-4     0.3224108128229349       -7.720492986218051E-4
180                      10                       0.03475513724330604      0.007127982244208721     -0.29652147461417694     -0.021645242548214424    0.31590495580376277      -4.6717653699064615E-4
180                      20                       0.04626977927293725      0.012301993139924354     -0.2814051795690194      -0.04062218019525581     0.30679976521022134      -6.819626283460986E-4
180                      30                       0.04365266295491671      0.014616683811366752     -0.24763861498564546     -0.054440700829978594    0.2922074982203765       -1.9912052392324545E-4
180                      40                       0.0369146169617364       0.021223681068846322     -0.1993310542440832      -0.06346447921527695     0.2737633782998415       -9.835208388691843E-4
180                      50                       0.04010344432365926      0.013341489018275334     -0.13316874626584743     -0.0637921808334265      0.2525473715186352       -4.3715301219381374E-4
180                      60                       0.01520409677438065      0.01763399528957237      -0.07160291552406686     -0.05744749611578389     0.23156811556454435      -0.0013378318246160465
180                      70                       0.01993291326153277      -0.004199472377622406    -0.025359443106386298    -0.04353727026751926     0.21340601987904276      -0.0010547685182358433
180                      80                       0.013344203530097468     0.01926014242371582      -0.003679540883858197    -0.02260755409633267     0.20340234327197365      -2.888969470946843E-4
180                      90                       0.018834309657932844     -2.9966530381325945E-4   0.007572992924232335     -0.0018207907630470256   0.2022310800709114       -7.855992105320934E-4
180                      100                      0.02163997555314493      -0.009557600754793212    -0.007555297194405017    0.021804848630066678     0.20363595178781477      0.0013440043789256133
180                      110                      0.01005177446703517      -0.010769186106985296    -0.034655957918156136    0.042742756597073044     0.21612751344473852      6.983229363545241E-4
180                      120                      0.012445034839547823     -0.013224449393233856    -0.08233298035202873     0.05812955364524599      0.2313461754596347       6.590347789272592E-4
180                      130                      0.02015643342771131      -0.01375557061693928     -0.12974256656496871     0.06404987064536155      0.25130937406210047      0.001029361055286643
180                      140                      0.03320832926313318      -0.015782097062696197    -0.19571920357878891     0.06272516788134737      0.2752808687073145       1.6174479847178447E-4
180                      150                      0.04691783672964564      -0.006156074709379051    -0.257295083376215       0.05663893817671451      0.2906733020233503       -4.92778010444838E-4
180                      160                      0.04970887446405351      -0.005858467697079202    -0.3001577357615679      0.04014513954471067      0.3071347141336071       6.46066223798222E-4
180                      170                      0.021168619371062104     -0.00553513420770701     -0.32740542134033324     0.021455746078709106     0.3183317142046236       -6.072593357563745E-4
180                      180                      0.03746685377605646      -0.0011345260159168274   -0.3320915415930526      2.3432580519590262E-4    0.317522015273124        4.342743632773099E-4
